#perp_grad magnitudes
1         0.00000   0.00000   0.00000   
2         0.19836   0.03849   0.06406   
3         0.39116   0.07591   0.03980   
4         0.59907   0.11625   0.16437   
5         0.79473   0.15422   0.09766   
6         0.99528   0.19314   0.07193   
7         1.24683   0.24195   0.09392   
8         1.60061   0.31060   0.13453   
9         1.82506   0.35416   0.10407   
10        2.04069   0.39600   0.09021   
11        2.26261   0.43907   0.08267   
12        2.48424   0.48207   0.09442   
13        2.64007   0.51231   0.06214   
14        2.85956   0.55491   0.05897   
15        3.08258   0.59818   0.06774   
16        3.29794   0.63998   0.09881   
17        3.51929   0.68293   0.08498   
18        3.74362   0.72646   0.10036   
19        3.97662   0.77168   0.06052   
20        4.19517   0.81409   0.06352   
21        4.38328   0.85059   0.08605   
22        4.60497   0.89361   0.04117   
23        4.78791   0.92911   0.04871   
24        4.96925   0.96430   0.11275   
25        5.15322   1.00000   0.00000   
