#perp_grad magnitudes
1         0.00000   0.00000   0.00000   
2         0.09084   0.04194   0.06487   
3         0.18721   0.08643   0.09940   
4         0.27839   0.12852   0.05162   
5         0.37341   0.17239   0.03286   
6         0.46790   0.21601   0.13797   
7         0.58071   0.26809   0.12120   
8         0.68006   0.31396   0.04655   
9         0.76480   0.35308   0.01658   
10        0.87723   0.40498   0.02104   
11        0.96377   0.44494   0.02310   
12        1.05529   0.48719   0.02411   
13        1.14537   0.52878   0.04473   
14        1.27448   0.58838   0.05266   
15        1.40162   0.64708   0.05134   
16        1.51141   0.69777   0.05066   
17        1.60559   0.74125   0.10402   
18        1.69917   0.78445   0.10716   
19        1.79822   0.83018   0.06201   
20        1.88673   0.87103   0.06789   
21        1.98214   0.91508   0.05062   
22        2.07493   0.95792   0.13465   
23        2.16607   1.00000   0.00000   
