#perp_grad magnitudes
1         0.00000   0.00000   0.00000   
2         0.15270   0.03110   0.16944   
3         0.30311   0.06173   0.05680   
4         0.47396   0.09652   0.09901   
5         0.63210   0.12873   0.07743   
6         0.79566   0.16203   0.07227   
7         0.95689   0.19487   0.13535   
8         1.11813   0.22770   0.06738   
9         1.27964   0.26059   0.07460   
10        1.43083   0.29138   0.07329   
11        1.66793   0.33967   0.09749   
12        1.95840   0.39882   0.10040   
13        2.12068   0.43187   0.05473   
14        2.27865   0.46404   0.06583   
15        2.44163   0.49723   0.08114   
16        2.62867   0.53532   0.09595   
17        2.79748   0.56970   0.09294   
18        2.98978   0.60886   0.10071   
19        3.21774   0.65528   0.06850   
20        3.38778   0.68991   0.05838   
21        3.53337   0.71956   0.07617   
22        3.74324   0.76230   0.05922   
23        3.90605   0.79545   0.06442   
24        4.07566   0.82999   0.06060   
25        4.24856   0.86520   0.08161   
26        4.42128   0.90038   0.07554   
27        4.58363   0.93344   0.05437   
28        4.75478   0.96829   0.24161   
29        4.91048   1.00000   0.00000   
