# Energy profile
1         0.00000   0.00000   -286.85495          0.00000             
2         0.15270   0.03110   -286.85218          1.73730             
3         0.30311   0.06173   -286.85165          2.06889             
4         0.47396   0.09652   -286.84793          4.40815             
5         0.63210   0.12873   -286.84458          6.50601             
6         0.79566   0.16203   -286.83998          9.39437             
7         0.95689   0.19487   -286.83290          13.83874            
8         1.11813   0.22770   -286.82596          18.18983            
9         1.27964   0.26059   -286.81598          24.45528            
10        1.43083   0.29138   -286.80551          31.02686            
11        1.66793   0.33967   -286.81371          25.88106            
12        1.95840   0.39882   -286.83654          11.55367            
13        2.12068   0.43187   -286.83214          14.31561            
14        2.27865   0.46404   -286.82625          18.00695            
15        2.44163   0.49723   -286.82097          21.32598            
16        2.62867   0.53532   -286.79336          38.64581            
17        2.79748   0.56970   -286.78257          45.42117            
18        2.98978   0.60886   -286.77339          51.17769            
19        3.21774   0.65528   -286.77166          52.26255            
20        3.38778   0.68991   -286.77058          52.94510            
21        3.53337   0.71956   -286.78656          42.91617            
22        3.74324   0.76230   -286.78888          41.46247            
23        3.90605   0.79545   -286.79974          34.64771            
24        4.07566   0.82999   -286.81023          28.06156            
25        4.24856   0.86520   -286.81915          22.46393            
26        4.42128   0.90038   -286.82673          17.70530            
27        4.58363   0.93344   -286.83216          14.30129            
28        4.75478   0.96829   -286.83520          12.39513            
29        4.91048   1.00000   -286.83831          10.44002            
