# Energy profile
1         0.00000   0.00000   -286.85493          0.00000             
2         0.09083   0.04223   -286.85390          0.64876             
3         0.17851   0.08299   -286.85371          0.76841             
4         0.27476   0.12774   -286.85303          1.19265             
5         0.37727   0.17539   -286.85119          2.34608             
6         0.48963   0.22763   -286.85088          2.54191             
7         0.57918   0.26926   -286.85022          2.95826             
8         0.67655   0.31452   -286.84835          4.13173             
9         0.76391   0.35514   -286.84671          5.15854             
10        0.87386   0.40625   -286.84508          6.18431             
11        0.95872   0.44570   -286.84322          7.34815             
12        1.05812   0.49191   -286.84117          8.63398             
13        1.16034   0.53943   -286.83695          11.28181            
14        1.29466   0.60188   -286.83162          14.62774            
15        1.43020   0.66489   -286.83089          15.08491            
16        1.53265   0.71252   -286.83528          12.33506            
17        1.61250   0.74964   -286.83774          10.78903            
18        1.70037   0.79049   -286.84556          5.87924             
19        1.79371   0.83388   -286.85054          2.75559             
20        1.88565   0.87663   -286.85082          2.57773             
21        1.97361   0.91752   -286.85614          -0.75772            
22        2.06235   0.95877   -286.85721          -1.43080            
23        2.15103   1.00000   -286.85847          -2.22178            
