$molecule
0 2
C     1.6403757167339434   0.4144566535970710  -0.0558944265098791
C    -0.0235008500924827  -1.2469407775346291   0.1284806792595884
C    -1.3421710327879435  -1.0952186671463919   0.3438123204988691
C    -1.7872335261219685   0.2596298549666694   0.2631867039311017
C    -0.6942204124574900   1.0734142392202928   0.2679288407504829
N     0.5535602208465940   0.6195709438811008   0.6856862924262250
H     2.5704664775967259   0.2544036840113812   0.5162234270453590
H     0.6381583548189087  -2.0228383988798222   0.4695985770229839
H    -1.9698004754767580  -1.9260389158955034   0.6701427067292298
H    -2.8300766115229936   0.5933648554505546   0.2794053010744318
H    -0.6977039357840996   2.1479641099506090   0.1048747768027283
C     1.5642211333701315   0.1712461031467681  -1.4102823225889667
H     2.3501660020811914   0.3641034340743678  -2.1676406041675440
$end
