2
26
6/0 1.3915629877 0.8456298448 -0.4532011840 
6/0 0.3327596462 -1.4191299512 -0.0084647962 
6/0 -0.9372459130 -1.0640392653 0.3358374337 
6/0 -1.4732362344 0.2709984383 0.4082704565 
6/0 -0.8282364513 1.4662632049 0.1483439022 
7/0 0.4320413586 1.7760278673 -0.2340189819 
1/0 2.3384515023 1.2997111233 -0.7534589563 
1/0 0.5701190180 -2.4810445442 -0.0122387312 
1/0 -1.6288423538 -1.8664394923 0.5848956409 
1/0 -2.5162658085 0.3548122936 0.7038817878 
1/0 -1.4480843328 2.3571561805 0.2722610443 
6/0 1.4094190941 -0.5335789134 -0.3736495680 
1/0 2.3575574872 -1.0063667865 -0.6184580478 
6/0 1.7129564614 0.1668558846 -0.5035963917 
6/0 -0.1456953885 -1.3328549554 0.1265314287 
6/0 -1.4597846519 -1.1907208554 0.4946138501 
6/0 -1.7523410790 0.2082354119 0.4916174965 
6/0 -0.6072744821 0.8698111231 0.1216488075 
7/0 0.3817814852 -0.0714452832 -0.1043298441 
1/0 2.2839793979 -0.7549782642 -0.6079733316 
1/0 0.4714861713 -2.2115338365 0.0045454748 
1/0 -2.1392854434 -1.9953493493 0.7407638569 
1/0 -2.6984662687 0.6729001337 0.7350640688 
1/0 -0.4032597937 1.9227371105 -0.0030320463 
6/0 2.2837670629 1.3291686770 -0.7435910204 
1/0 2.0721365285 2.3871742033 -0.7522623491 
