C        1.3915629877    0.8456298448   -0.4532011840
C        0.3327596462   -1.4191299512   -0.0084647962
C       -0.9372459130   -1.0640392653    0.3358374337
C       -1.4732362344    0.2709984383    0.4082704565
C       -0.8282364513    1.4662632049    0.1483439022
N        0.4320413586    1.7760278673   -0.2340189819
H        2.3384515023    1.2997111233   -0.7534589563
H        0.5701190180   -2.4810445442   -0.0122387312
H       -1.6288423538   -1.8664394923    0.5848956409
H       -2.5162658085    0.3548122936    0.7038817878
H       -1.4480843328    2.3571561805    0.2722610443
C        1.4094190941   -0.5335789134   -0.3736495680
H        2.3575574872   -1.0063667865   -0.6184580478
