13
image # 1 Energy = -286.85499
C 1.69727   0.28777   -0.21758  
C 1.09026   -0.91506  -0.11300  
C -0.36185  -1.04749  0.08907   
C -1.14054  0.38096   -0.02251  
C -0.25782  1.50000   -0.40045  
N 1.03049   1.49869   -0.40803  
H 2.77913   0.35683   -0.29646  
H 1.67448   -1.82888  -0.18881  
H -0.83704  -1.94467  -0.31186  
H -2.14061  0.41839   -0.45884  
H -0.75446  2.40459   -0.75988  
C -0.99234  -0.37531  1.22305   
H -1.78697  -0.73582  1.86530   
13
image # 2 Energy = -286.85180
C 1.71749   0.28292   -0.23644  
C 1.11460   -0.91686  -0.12624  
C -0.35360  -1.04429  0.09200   
C -1.15367  0.35021   -0.05673  
C -0.24115  1.50097   -0.38258  
N 1.04257   1.49938   -0.39909  
H 2.79707   0.36005   -0.32895  
H 1.69925   -1.83120  -0.21111  
H -0.80958  -1.95998  -0.30319  
H -2.17393  0.35357   -0.43039  
H -0.74843  2.40914   -0.69564  
C -1.03116  -0.35804  1.20736   
H -1.88287  -0.64851  1.85275   
13
image # 3 Energy = -286.84627
C 1.73838   0.28047   -0.25937  
C 1.12228   -0.91816  -0.13054  
C -0.35347  -1.04915  0.10174   
C -1.15132  0.33469   -0.09084  
C -0.25474  1.47859   -0.36832  
N 1.05468   1.49691   -0.38305  
H 2.81701   0.36369   -0.36596  
H 1.72293   -1.83240  -0.23449  
H -0.77690  -1.96928  -0.28572  
H -2.19164  0.28740   -0.42508  
H -0.74135  2.42271   -0.62643  
C -1.07615  -0.35503  1.21817   
H -1.95214  -0.54742  1.81990   
13
image # 4 Energy = -286.83722
C 1.74827   0.27799   -0.27929  
C 1.13664   -0.92176  -0.13584  
C -0.33940  -1.04857  0.10637   
C -1.13133  0.30591   -0.10535  
C -0.24163  1.46866   -0.35540  
N 1.04690   1.49198   -0.36774  
H 2.83520   0.36686   -0.40228  
H 1.74087   -1.82987  -0.25608  
H -0.74930  -1.98455  -0.26651  
H -2.22113  0.21534   -0.42912  
H -0.73357  2.42777   -0.55900  
C -1.11847  -0.33735  1.20579   
H -2.03157  -0.44259  1.79611   
13
image # 5 Energy = -286.82779
C 1.74956   0.27240   -0.29920  
C 1.15637   -0.92037  -0.13188  
C -0.32424  -1.05511  0.12466   
C -1.12864  0.26837   -0.12333  
C -0.25664  1.47200   -0.34636  
N 1.05378   1.47851   -0.34705  
H 2.83858   0.37005   -0.44949  
H 1.74956   -1.82162  -0.27901  
H -0.72135  -2.00205  -0.23996  
H -2.21548  0.14431   -0.46023  
H -0.72552  2.42496   -0.47403  
C -1.14591  -0.31873  1.19951   
H -2.10171  -0.32574  1.76008   
13
image # 6 Energy = -286.81550
C 1.76231   0.27416   -0.31792  
C 1.16808   -0.92628  -0.12952  
C -0.30376  -1.06193  0.13626   
C -1.12154  0.24496   -0.15364  
C -0.24066  1.44992   -0.32744  
N 1.04297   1.47657   -0.33238  
H 2.83536   0.37274   -0.49279  
H 1.76168   -1.81906  -0.29984  
H -0.69464  -2.01806  -0.21036  
H -2.21295  0.06612   -0.48193  
H -0.72644  2.43099   -0.39733  
C -1.19267  -0.29960  1.20060   
H -2.16132  -0.20742  1.72365   
13
image # 7 Energy = -286.79921
C 1.76193   0.27213   -0.33310  
C 1.18120   -0.92329  -0.13034  
C -0.29390  -1.05956  0.14560   
C -1.10123  0.21563   -0.17423  
C -0.24154  1.43344   -0.30604  
N 1.04828   1.47641   -0.32019  
H 2.83839   0.37736   -0.53535  
H 1.77828   -1.82416  -0.31851  
H -0.66827  -2.03266  -0.17572  
H -2.21169  -0.01435  -0.50027  
H -0.72686  2.42571   -0.32406  
C -1.24353  -0.27734  1.18376   
H -2.21379  -0.09002  1.68912   
13
image # 8 Energy = -286.78043
C 1.77356   0.28125   -0.35084  
C 1.19325   -0.93697  -0.13205  
C -0.27935  -1.05934  0.15179   
C -1.08316  0.18769   -0.19554  
C -0.24006  1.43432   -0.28687  
N 1.04959   1.47347   -0.30871  
H 2.83620   0.38123   -0.57269  
H 1.79003   -1.82281  -0.33196  
H -0.64466  -2.04318  -0.13993  
H -2.21128  -0.09069  -0.51290  
H -0.72628  2.40705   -0.25700  
C -1.30177  -0.25868  1.16464   
H -2.25502  0.02212   1.65701   
13
image # 9 Energy = -286.76931
C 1.76365   0.27075   -0.37220  
C 1.21206   -0.92527  -0.12541  
C -0.26210  -1.06122  0.17545   
C -1.08225  0.14875   -0.23845  
C -0.24235  1.41572   -0.26552  
N 1.04269   1.47237   -0.28158  
H 2.82550   0.39028   -0.63656  
H 1.80005   -1.82226  -0.34546  
H -0.61733  -2.05637  -0.08203  
H -2.16690  -0.17061  -0.56517  
H -0.74114  2.38293   -0.14643  
C -1.35595  -0.23529  1.13730   
H -2.27884  0.16230   1.61492   
13
image # 10 Energy = -286.75327
C 1.78302   0.28297   -0.38674  
C 1.23664   -0.92714  -0.14263  
C -0.23559  -1.05619  0.13333   
C -1.08597  0.12224   -0.24063  
C -0.23395  1.40388   -0.25426  
N 1.05676   1.47304   -0.28610  
H 2.84248   0.40230   -0.63569  
H 1.82705   -1.82704  -0.33343  
H -0.60392  -2.05617  -0.06370  
H -2.20573  -0.20510  -0.53228  
H -0.75013  2.35296   -0.13158  
C -1.45022  -0.25343  1.09834   
H -2.28767  0.25773   1.63310   
13
image # 11 Energy = -286.71644
C 1.81594   0.28714   -0.39225  
C 1.26011   -0.92025  -0.18130  
C -0.20035  -1.06726  0.06575   
C -1.10237  0.11363   -0.22360  
C -0.22600  1.40233   -0.25874  
N 1.05728   1.46919   -0.31091  
H 2.88621   0.42534   -0.59573  
H 1.86937   -1.82579  -0.30392  
H -0.58683  -2.05241  -0.07393  
H -2.27729  -0.21644  -0.46623  
H -0.75618  2.32801   -0.16624  
C -1.59084  -0.30813  1.06651   
H -2.25509  0.33344   1.68734   
13
image # 12 Energy = -286.70834
C 1.83690   0.29362   -0.39432  
C 1.26460   -0.92372  -0.20614  
C -0.15394  -1.07487  0.00111   
C -1.07427  0.11309   -0.16701  
C -0.21726  1.39718   -0.26688  
N 1.07006   1.46191   -0.33888  
H 2.91376   0.43451   -0.56504  
H 1.89450   -1.82799  -0.28420  
H -0.57880  -2.05142  -0.07908  
H -2.33910  -0.23114  -0.40503  
H -0.75671  2.33160   -0.19632  
C -1.72618  -0.33243  1.01248   
H -2.23253  0.37731   1.71806   
13
image # 13 Energy = -286.74828
C 1.84313   0.30157   -0.38897  
C 1.26649   -0.93853  -0.22060  
C -0.12130  -1.07385  -0.06476  
C -1.00183  0.11990   -0.10827  
C -0.20760  1.39367   -0.27473  
N 1.08903   1.45372   -0.36947  
H 2.92760   0.42956   -0.54041  
H 1.90054   -1.83352  -0.26158  
H -0.58489  -2.04782  -0.08030  
H -2.39591  -0.21995  -0.33642  
H -0.75005  2.33507   -0.22698  
C -1.83859  -0.32253  0.94761   
H -2.21819  0.36995   1.73810   
13
image # 14 Energy = -286.83212
C 1.85231   0.30198   -0.37979  
C 1.27453   -0.94990  -0.24228  
C -0.11471  -1.07269  -0.09694  
C -0.94597  0.14805   -0.07585  
C -0.19214  1.39374   -0.26026  
N 1.11866   1.45683   -0.39409  
H 2.93841   0.41776   -0.50566  
H 1.89814   -1.83781  -0.27109  
H -0.59266  -2.04485  -0.10357  
H -2.45204  -0.26523  -0.23297  
H -0.72738  2.35425   -0.28246  
C -1.88021  -0.30780  0.92858   
H -2.26338  0.37320   1.72082   
13
image # 15 Energy = -286.74663
C 1.83523   0.30138   -0.39344  
C 1.26456   -0.94843  -0.21662  
C -0.12470  -1.06903  -0.03053  
C -0.93818  0.14060   -0.12661  
C -0.19885  1.38933   -0.24050  
N 1.11713   1.45229   -0.35733  
H 2.91412   0.41019   -0.57281  
H 1.88545   -1.84201  -0.29399  
H -0.58341  -2.05151  -0.05346  
H -2.40597  -0.32125  -0.30909  
H -0.73156  2.33675   -0.18674  
C -1.83172  -0.27149  0.92112   
H -2.28321  0.44161   1.65707   
13
image # 16 Energy = -286.84449
C 1.83812   0.30546   -0.39497  
C 1.28057   -0.96335  -0.20596  
C -0.09449  -1.05798  -0.04738  
C -0.83221  0.13544   -0.05955  
C -0.18543  1.37183   -0.24393  
N 1.13323   1.44910   -0.39466  
H 2.90421   0.39727   -0.58303  
H 1.88251   -1.85613  -0.25685  
H -0.59915  -2.02123  -0.01338  
H -2.50643  -0.22927  -0.28076  
H -0.73260  2.31516   -0.17577  
C -1.93032  -0.19315  0.75149   
H -2.23152  0.31006   1.69403   
13
image # 17 Energy = -286.85350
C 1.84840   0.29517   -0.40504  
C 1.29076   -0.95312  -0.22401  
C -0.08463  -1.05699  -0.01615  
C -0.82347  0.15238   -0.04363  
C -0.16476  1.37427   -0.20975  
N 1.14729   1.45927   -0.38911  
H 2.91549   0.39437   -0.58661  
H 1.88880   -1.85879  -0.31110  
H -0.58450  -2.01803  -0.00788  
H -2.53016  -0.35883  -0.24362  
H -0.71235  2.32876   -0.17913  
C -1.92612  -0.18034  0.77790   
H -2.32953  0.38295   1.62075   
13
image # 18 Energy = -286.88070
C 1.85890   0.30581   -0.40866  
C 1.29847   -0.96502  -0.24855  
C -0.06840  -1.04949  -0.02552  
C -0.80135  0.15101   0.00908   
C -0.14502  1.38807   -0.18878  
N 1.16735   1.45209   -0.40173  
H 2.93098   0.39266   -0.57325  
H 1.89539   -1.85797  -0.33268  
H -0.57857  -2.01516  -0.00712  
H -2.57164  -0.44697  -0.18545  
H -0.69836  2.32816   -0.20023  
C -1.95964  -0.15286  0.76379   
H -2.38403  0.42398   1.58355   
13
image # 19 Energy = -286.90339
C 1.87336   0.30806   -0.41387  
C 1.31082   -0.96647  -0.27424  
C -0.05454  -1.05357  -0.04701  
C -0.78624  0.15368   0.06461   
C -0.12966  1.37678   -0.16688  
N 1.18222   1.45098   -0.41266  
H 2.94453   0.39519   -0.56439  
H 1.90680   -1.85988  -0.34392  
H -0.56793  -2.00702  0.00318   
H -2.60801  -0.53109  -0.12571  
H -0.69450  2.32198   -0.20949  
C -1.99932  -0.12290  0.72530   
H -2.42442  0.47659   1.55847   
13
image # 20 Energy = -286.90545
C 1.88043   0.30145   -0.41799  
C 1.30892   -0.96158  -0.28440  
C -0.05138  -1.05753  -0.04034  
C -0.79120  0.14510   0.05459   
C -0.12259  1.38063   -0.14260  
N 1.17431   1.45250   -0.38643  
H 2.94820   0.39911   -0.58987  
H 1.91781   -1.85882  -0.37503  
H -0.54403  -2.03143  0.01455   
H -2.59895  -0.65585  -0.05055  
H -0.67782  2.31717   -0.17042  
C -1.98967  -0.09984  0.76473   
H -2.49303  0.60401   1.43213   
13
image # 21 Energy = -286.91604
C 1.88412   0.30429   -0.42287  
C 1.32122   -0.96381  -0.29601  
C -0.04643  -1.06742  -0.04062  
C -0.79693  0.13559   0.07677   
C -0.11553  1.37501   -0.12432  
N 1.18405   1.44931   -0.37637  
H 2.95152   0.40233   -0.60778  
H 1.92528   -1.85674  -0.39228  
H -0.52509  -2.03588  0.02889   
H -2.60425  -0.73009  0.03473   
H -0.66854  2.31184   -0.13871  
C -2.00485  -0.07856  0.74677   
H -2.53674  0.68250   1.34105   
13
image # 22 Energy = -286.92675
C 1.89356   0.30542   -0.42881  
C 1.31758   -0.96917  -0.30357  
C -0.02725  -1.06661  -0.04196  
C -0.78988  0.12894   0.09496   
C -0.10895  1.35727   -0.10407  
N 1.18883   1.45036   -0.36506  
H 2.95164   0.40598   -0.62826  
H 1.93358   -1.85522  -0.40969  
H -0.50999  -2.04595  0.04374   
H -2.61001  -0.79824  0.13207   
H -0.66072  2.31061   -0.10126  
C -2.03086  -0.04452  0.73401   
H -2.57362  0.74679   1.23571   
13
image # 23 Energy = -286.93375
C 1.89051   0.30283   -0.43413  
C 1.33023   -0.96548  -0.31183  
C -0.02817  -1.07245  -0.03569  
C -0.78033  0.11998   0.10707   
C -0.11116  1.35526   -0.08341  
N 1.19708   1.44590   -0.35122  
H 2.95571   0.41066   -0.65268  
H 1.94033   -1.85384  -0.42820  
H -0.49288  -2.05208  0.05659   
H -2.61404  -0.85088  0.23488   
H -0.64755  2.30035   -0.05689  
C -2.04739  -0.02151  0.72247   
H -2.61315  0.80988   1.12107   
13
image # 24 Energy = -286.93788
C 1.89934   0.30440   -0.44574  
C 1.33140   -0.96905  -0.31404  
C -0.01676  -1.07804  -0.02821  
C -0.79288  0.11167   0.12257   
C -0.09662  1.34908   -0.06964  
N 1.19369   1.44605   -0.33182  
H 2.95314   0.41500   -0.67639  
H 1.94744   -1.85227  -0.44741  
H -0.47886  -2.05821  0.06788   
H -2.62031  -0.88572  0.32993   
H -0.63821  2.29407   -0.00760  
C -2.05023  -0.00097  0.71182   
H -2.64750  0.86176   1.00429   
13
image # 25 Energy = -286.94450
C 1.89918   0.30511   -0.45686  
C 1.33996   -0.96892  -0.32101  
C -0.00902  -1.07974  -0.02400  
C -0.78244  0.10321   0.14695   
C -0.09637  1.33880   -0.04595  
N 1.20605   1.44483   -0.32088  
H 2.95417   0.42027   -0.69900  
H 1.95353   -1.85169  -0.46479  
H -0.46844  -2.06128  0.08067   
H -2.62822  -0.90547  0.43769   
H -0.63215  2.28619   0.04387   
C -2.07965  0.02432   0.67797   
H -2.66868  0.89824   0.89244   
13
image # 26 Energy = -286.94914
C 1.90291   0.30699   -0.46938  
C 1.34672   -0.96964  -0.33265  
C 0.00314   -1.08475  -0.01215  
C -0.77739  0.09402   0.16677   
C -0.08537  1.33417   -0.01105  
N 1.20656   1.44382   -0.31094  
H 2.95507   0.42668   -0.72335  
H 1.96027   -1.85096  -0.48418  
H -0.45886  -2.06369  0.09398   
H -2.64110  -0.91239  0.55506   
H -0.62818  2.27260   0.10375   
C -2.10179  0.04241   0.62550   
H -2.68847  0.93712   0.77619   
13
image # 27 Energy = -286.95150
C 1.90620   0.30971   -0.48183  
C 1.35073   -0.96981  -0.34388  
C 0.01366   -1.08842  -0.00582  
C -0.76648  0.08510   0.19397   
C -0.07774  1.32553   0.02216   
N 1.20287   1.44268   -0.30153  
H 2.95432   0.43370   -0.74638  
H 1.96718   -1.85041  -0.50130  
H -0.44939  -2.06541  0.11006   
H -2.65242  -0.89198  0.66988   
H -0.62867  2.25588   0.16345   
C -2.12785  0.04896   0.53872   
H -2.69240  0.96446   0.68248   
