#perp_grad magnitudes
1         0.00000   0.00000   0.00000   
2         0.14859   0.03766   0.05152   
3         0.31143   0.07892   0.11202   
4         0.47138   0.11945   0.08286   
5         0.61993   0.15710   0.07311   
6         0.77326   0.19595   0.06274   
7         0.92498   0.23440   0.06891   
8         1.08496   0.27494   0.08875   
9         1.26702   0.32108   0.09552   
10        1.41046   0.35743   0.07174   
11        1.55845   0.39493   0.06732   
12        1.71036   0.43343   0.08211   
13        1.92797   0.48857   0.11925   
14        2.22152   0.56296   0.08466   
15        2.37741   0.60247   0.06287   
16        2.51469   0.63726   0.13086   
17        2.66984   0.67658   0.10343   
18        2.83007   0.71718   0.07888   
19        3.00623   0.76182   0.05114   
20        3.16339   0.80165   0.07965   
21        3.31541   0.84017   0.08305   
22        3.48004   0.88189   0.06711   
23        3.63365   0.92082   0.14284   
24        3.80902   0.96526   0.06366   
25        3.94611   1.00000   0.00000   
