13
image # 1 Energy = -286.85499
C 1.69727   0.28777   -0.21758  
C 1.09026   -0.91506  -0.11300  
C -0.36185  -1.04749  0.08907   
C -1.14054  0.38096   -0.02251  
C -0.25782  1.50000   -0.40045  
N 1.03049   1.49869   -0.40803  
H 2.77913   0.35683   -0.29646  
H 1.67448   -1.82888  -0.18881  
H -0.83704  -1.94467  -0.31186  
H -2.14061  0.41839   -0.45884  
H -0.75446  2.40459   -0.75988  
C -0.99234  -0.37531  1.22305   
H -1.78697  -0.73582  1.86530   
13
image # 2 Energy = -286.85332
C 1.71766   0.28918   -0.21641  
C 1.09613   -0.90266  -0.11194  
C -0.37721  -1.02212  0.06492   
C -1.14857  0.38018   0.00984   
C -0.25362  1.48373   -0.41975  
N 1.04241   1.49545   -0.43302  
H 2.79707   0.35683   -0.28149  
H 1.67044   -1.82599  -0.15843  
H -0.83002  -1.90551  -0.39691  
H -2.16960  0.40570   -0.42119  
H -0.74293  2.38592   -0.79400  
C -1.00058  -0.39327  1.24167   
H -1.79936  -0.75096  1.90969   
13
image # 3 Energy = -286.84976
C 1.72905   0.29384   -0.21334  
C 1.08754   -0.89365  -0.10474  
C -0.38805  -1.00863  0.04906   
C -1.15808  0.39745   0.01463   
C -0.24191  1.47948   -0.42122  
N 1.02458   1.47878   -0.46773  
H 2.82355   0.35793   -0.26329  
H 1.66204   -1.82139  -0.12010  
H -0.82355  -1.85003  -0.48831  
H -2.17746  0.39705   -0.36624  
H -0.73222  2.35930   -0.83610  
C -1.01239  -0.43305  1.26429   
H -1.79070  -0.76301  1.94056   
13
image # 4 Energy = -286.84653
C 1.73267   0.29323   -0.21120  
C 1.08782   -0.88366  -0.09380  
C -0.39026  -0.99280  0.02061   
C -1.16651  0.38521   0.05598   
C -0.25470  1.47939   -0.43479  
N 1.04674   1.46433   -0.49632  
H 2.84024   0.36017   -0.24553  
H 1.65002   -1.81586  -0.08102  
H -0.81872  -1.79321  -0.57908  
H -2.19042  0.39299   -0.31777  
H -0.72529  2.33357   -0.87635  
C -1.01938  -0.45274  1.26746   
H -1.78780  -0.77886  1.97408   
13
image # 5 Energy = -286.84185
C 1.74812   0.29060   -0.20835  
C 1.08994   -0.88033  -0.08058  
C -0.39336  -0.97749  -0.00712  
C -1.16332  0.37658   0.10185   
C -0.23833  1.46135   -0.44158  
N 1.04126   1.46157   -0.52208  
H 2.83989   0.36096   -0.22786  
H 1.63624   -1.81113  -0.04338  
H -0.81682  -1.74009  -0.66243  
H -2.20574  0.39248   -0.27684  
H -0.72912  2.31971   -0.91921  
C -1.02091  -0.46872  1.26276   
H -1.78220  -0.79567  2.00269   
13
image # 6 Energy = -286.83550
C 1.75568   0.28938   -0.20462  
C 1.09412   -0.86966  -0.06852  
C -0.39724  -0.96194  -0.04215  
C -1.16644  0.38571   0.13159   
C -0.23720  1.44825   -0.45631  
N 1.05132   1.45490   -0.54531  
H 2.83920   0.36187   -0.20864  
H 1.62322   -1.81248  -0.00265  
H -0.81559  -1.68274  -0.74850  
H -2.21494  0.39506   -0.23296  
H -0.73342  2.29277   -0.95765  
C -1.02557  -0.50063  1.28322   
H -1.76803  -0.81227  2.02614   
13
image # 7 Energy = -286.82689
C 1.75460   0.29915   -0.20078  
C 1.09000   -0.87099  -0.05789  
C -0.40029  -0.93775  -0.07502  
C -1.17446  0.38463   0.16625   
C -0.22747  1.44056   -0.48166  
N 1.05538   1.44746   -0.56316  
H 2.84722   0.36291   -0.18913  
H 1.60996   -1.81348  0.03705   
H -0.81417  -1.62404  -0.83056  
H -2.21884  0.40136   -0.19053  
H -0.73792  2.25593   -0.98881  
C -1.02080  -0.52725  1.28863   
H -1.75933  -0.83204  2.05506   
13
image # 8 Energy = -286.81419
C 1.75591   0.29210   -0.19094  
C 1.08760   -0.85627  -0.05132  
C -0.40273  -0.91360  -0.12161  
C -1.17958  0.38039   0.20628   
C -0.21793  1.41873   -0.50627  
N 1.06095   1.44553   -0.58112  
H 2.85267   0.36577   -0.16774  
H 1.59652   -1.81657  0.07677   
H -0.81177  -1.55729  -0.90769  
H -2.22314  0.41307   -0.14999  
H -0.74917  2.21696   -1.02134  
C -1.02255  -0.55303  1.29822   
H -1.74500  -0.85225  2.08139   
13
image # 9 Energy = -286.80466
C 1.77050   0.30391   -0.17748  
C 1.07548   -0.86846  -0.04336  
C -0.40871  -0.89093  -0.16259  
C -1.16800  0.38757   0.23479   
C -0.22315  1.39229   -0.51892  
N 1.06918   1.43499   -0.60246  
H 2.84569   0.36991   -0.13716  
H 1.57474   -1.81095  0.12293   
H -0.81765  -1.48178  -0.98938  
H -2.21708  0.44468   -0.10431  
H -0.77334  2.16276   -1.06235  
C -1.01641  -0.58596  1.30055   
H -1.71277  -0.87731  2.09968   
13
image # 10 Energy = -286.77860
C 1.78644   0.30962   -0.17539  
C 1.08913   -0.85175  -0.05846  
C -0.38865  -0.84850  -0.21741  
C -1.20009  0.36512   0.26221   
C -0.20004  1.35325   -0.55386  
N 1.08550   1.43310   -0.58639  
H 2.86884   0.37201   -0.12879  
H 1.56732   -1.80811  0.10749   
H -0.81384  -1.46390  -1.01145  
H -2.23518  0.44826   -0.11280  
H -0.78345  2.12711   -1.04814  
C -1.04184  -0.57787  1.33108   
H -1.74087  -0.88038  2.14579   
13
image # 11 Energy = -286.75326
C 1.80500   0.30851   -0.16525  
C 1.09444   -0.83534  -0.07932  
C -0.36671  -0.80157  -0.27286  
C -1.21840  0.34806   0.29450   
C -0.18877  1.31295   -0.57514  
N 1.08995   1.42603   -0.57370  
H 2.89265   0.37953   -0.10370  
H 1.55535   -1.80662  0.09408   
H -0.82102  -1.44043  -1.03872  
H -2.23828  0.47499   -0.11564  
H -0.80407  2.06091   -1.04560  
C -1.06357  -0.56454  1.35538   
H -1.74922  -0.88781  2.17776   
13
image # 12 Energy = -286.73018
C 1.81582   0.32226   -0.16320  
C 1.10016   -0.83281  -0.09610  
C -0.34762  -0.75682  -0.34933  
C -1.24645  0.33139   0.33041   
C -0.17717  1.26226   -0.58641  
N 1.10483   1.41834   -0.55179  
H 2.91080   0.38711   -0.07896  
H 1.54428   -1.80576  0.07677   
H -0.82254  -1.42276  -1.04696  
H -2.23472  0.49849   -0.11490  
H -0.82515  2.00664   -1.05110  
C -1.07848  -0.53931  1.38643   
H -1.76173  -0.89746  2.19835   
13
image # 13 Energy = -286.73565
C 1.81342   0.32973   -0.15302  
C 1.09103   -0.83474  -0.11971  
C -0.31197  -0.70063  -0.42812  
C -1.23687  0.34041   0.36445   
C -0.18894  1.19570   -0.58799  
N 1.09426   1.40646   -0.52068  
H 2.90958   0.40551   -0.02668  
H 1.52918   -1.80635  0.07809   
H -0.84752  -1.39496  -1.07560  
H -2.20643  0.56641   -0.08948  
H -0.86088  1.89830   -1.08245  
C -1.06328  -0.50600  1.40662   
H -1.74415  -0.93080  2.19223   
13
image # 14 Energy = -286.72650
C 1.81926   0.33459   -0.16672  
C 1.10047   -0.82787  -0.09634  
C -0.29255  -0.62391  -0.49034  
C -1.29657  0.21658   0.39380   
C -0.13875  1.17779   -0.72588  
N 1.10265   1.43929   -0.49103  
H 2.89334   0.40719   -0.06655  
H 1.55558   -1.79532  0.07604   
H -0.81701  -1.41450  -1.03721  
H -2.21465  0.51491   -0.10758  
H -0.83363  1.98515   -1.00719  
C -1.12194  -0.52748  1.45535   
H -1.77899  -0.91762  2.22888   
13
image # 15 Energy = -286.73858
C 1.82266   0.32988   -0.17731  
C 1.10021   -0.81761  -0.07985  
C -0.28276  -0.57411  -0.49726  
C -1.32671  0.15024   0.40646   
C -0.10711  1.18736   -0.76760  
N 1.12364   1.45306   -0.49700  
H 2.90337   0.39432   -0.09105  
H 1.54604   -1.79259  0.07915   
H -0.79418  -1.39803  -1.05284  
H -2.23928  0.46967   -0.10138  
H -0.80908  2.02133   -0.98456  
C -1.16166  -0.56130  1.47994   
H -1.79719  -0.89274  2.25688   
13
image # 16 Energy = -286.75903
C 1.83484   0.32029   -0.17599  
C 1.08142   -0.78978  -0.08616  
C -0.26282  -0.52008  -0.52655  
C -1.34482  0.08862   0.40987   
C -0.07813  1.16067   -0.80754  
N 1.12799   1.46700   -0.48720  
H 2.91389   0.39476   -0.09720  
H 1.54493   -1.79722  0.06678   
H -0.77581  -1.37798  -1.05790  
H -2.24443  0.46683   -0.09773  
H -0.80476  2.00641   -0.95769  
C -1.19427  -0.56784  1.50650   
H -1.81708  -0.88007  2.29151   
13
image # 17 Energy = -286.77812
C 1.86548   0.33724   -0.18292  
C 1.08755   -0.80358  -0.08042  
C -0.29031  -0.47059  -0.55346  
C -1.36464  0.02918   0.39410   
C -0.05790  1.15508   -0.83245  
N 1.14608   1.48467   -0.48708  
H 2.92874   0.38208   -0.11676  
H 1.53027   -1.78485  0.05992   
H -0.73760  -1.34422  -1.07267  
H -2.27100  0.43629   -0.08562  
H -0.77664  1.99777   -0.93407  
C -1.22116  -0.57648  1.53665   
H -1.85341  -0.86786  2.33998   
13
image # 18 Energy = -286.79256
C 1.85279   0.32195   -0.19437  
C 1.10208   -0.77850  -0.07609  
C -0.29525  -0.42581  -0.55682  
C -1.38513  -0.01803  0.40596   
C -0.03532  1.16934   -0.84180  
N 1.16840   1.48822   -0.50903  
H 2.94912   0.36686   -0.12506  
H 1.50105   -1.77917  0.08774   
H -0.71368  -1.28898  -1.12621  
H -2.30161  0.38112   -0.05207  
H -0.74795  2.00720   -0.95385  
C -1.23484  -0.59667  1.56029   
H -1.87127  -0.86977  2.37025   
13
image # 19 Energy = -286.80603
C 1.88125   0.31348   -0.20509  
C 1.08570   -0.76803  -0.07662  
C -0.28433  -0.38450  -0.54450  
C -1.39987  -0.06525  0.42360   
C -0.01724  1.18202   -0.84959  
N 1.19094   1.49525   -0.53938  
H 2.94891   0.35276   -0.12647  
H 1.46642   -1.77014  0.12340   
H -0.69464  -1.21696  -1.19032  
H -2.33191  0.32124   -0.01368  
H -0.72501  2.02083   -0.99161  
C -1.24564  -0.62260  1.58647   
H -1.88367  -0.87680  2.39647   
13
image # 20 Energy = -286.81621
C 1.88359   0.30703   -0.21741  
C 1.07982   -0.76160  -0.07640  
C -0.29272  -0.35604  -0.54205  
C -1.40076  -0.10823  0.43673   
C -0.00765  1.18186   -0.85646  
N 1.22524   1.50292   -0.56436  
H 2.96035   0.34359   -0.12162  
H 1.43274   -1.75918  0.15404   
H -0.67388  -1.13503  -1.23663  
H -2.35563  0.27201   0.01797   
H -0.70981  2.02914   -1.03023  
C -1.25139  -0.64560  1.60626   
H -1.89647  -0.88688  2.42475   
13
image # 21 Energy = -286.82539
C 1.89064   0.30601   -0.22858  
C 1.07450   -0.75403  -0.07571  
C -0.29887  -0.31868  -0.54661  
C -1.41045  -0.14052  0.44522   
C 0.01934   1.19494   -0.85499  
N 1.22446   1.49778   -0.59787  
H 2.97093   0.33418   -0.11287  
H 1.40255   -1.75629  0.18339   
H -0.65681  -1.05563  -1.28084  
H -2.36701  0.22500   0.04828   
H -0.69118  2.02396   -1.06850  
C -1.25548  -0.67333  1.63317   
H -1.90760  -0.89658  2.45126   
13
image # 22 Energy = -286.83348
C 1.90425   0.30128   -0.23709  
C 1.06982   -0.73974  -0.07737  
C -0.29749  -0.27036  -0.54428  
C -1.41926  -0.18156  0.46483   
C 0.01153   1.21030   -0.86023  
N 1.24861   1.49738   -0.63231  
H 2.97695   0.32505   -0.10144  
H 1.36999   -1.75642  0.21285   
H -0.64422  -0.97305  -1.33298  
H -2.37541  0.17787   0.07878   
H -0.66714  2.00622   -1.10966  
C -1.26277  -0.69974  1.65470   
H -1.91936  -0.90625  2.48090   
13
image # 23 Energy = -286.83734
C 1.91202   0.29863   -0.24299  
C 1.06821   -0.73028  -0.08005  
C -0.29804  -0.23605  -0.53271  
C -1.41956  -0.21678  0.46894   
C 0.02471   1.20470   -0.85826  
N 1.27642   1.50230   -0.66895  
H 2.98234   0.31787   -0.08915  
H 1.33371   -1.74652  0.23466   
H -0.63646  -0.89321  -1.37945  
H -2.38434  0.13790   0.10485   
H -0.66141  2.00101   -1.15412  
C -1.27877  -0.73175  1.69433   
H -1.92264  -0.91348  2.50220   
13
image # 24 Energy = -286.84249
C 1.92168   0.30088   -0.24928  
C 1.06410   -0.72321  -0.08315  
C -0.29689  -0.22725  -0.51928  
C -1.41525  -0.26500  0.50053   
C 0.05497   1.21727   -0.85671  
N 1.29980   1.50099   -0.71529  
H 2.99014   0.30980   -0.07416  
H 1.28790   -1.72663  0.25526   
H -0.62758  -0.79413  -1.42047  
H -2.39716  0.09322   0.13029   
H -0.65674  1.99143   -1.20665  
C -1.28736  -0.75468  1.69704   
H -1.93940  -0.92506  2.54243   
13
image # 25 Energy = -286.84435
C 1.92999   0.29903   -0.25333  
C 1.05712   -0.70935  -0.08975  
C -0.29567  -0.20311  -0.51458  
C -1.41985  -0.30547  0.50084   
C 0.06830   1.22572   -0.87981  
N 1.31901   1.49559   -0.74169  
H 2.99692   0.30508   -0.06249  
H 1.25524   -1.71084  0.26938   
H -0.62097  -0.71320  -1.43959  
H -2.39477  0.06085   0.15285   
H -0.64501  1.96618   -1.23621  
C -1.30135  -0.77679  1.72056   
H -1.94895  -0.93368  2.57381   
