$energy
  -286.722660921311     
$gradient
            -0.27696298714631E-02   0.12441434752697E-03   0.12144665922513E+00
             0.13554373519157E-01  -0.28414055785385E-01  -0.70817899079089E-01
            -0.19841905138660E-02   0.30853242238163E-01   0.47834548482934E-02
            -0.10308926789521E-01  -0.10141155871124E-01  -0.33981671293643E-02
            -0.19993432440982E-01  -0.16251023682063E-01  -0.33753742100673E-01
             0.63981852074413E-01   0.76814629894381E-01   0.50335036012550E-01
            -0.98581780708845E-02  -0.91759917446221E-02   0.29499699121569E-02
             0.68271902249662E-02  -0.13017359162776E-01  -0.29278919457879E-02
            -0.28755188287107E-02  -0.12283408036429E-01   0.17163958410550E-01
             0.83260661517223E-03  -0.10310460121388E-02   0.42662870971728E-02
             0.31748369383662E-02   0.89955466154371E-02  -0.32383860201606E-02
            -0.62949631737616E-01  -0.34772090045598E-01  -0.76105323582771E-01
             0.22368648881986E-01   0.82982972412649E-02  -0.10703955671050E-01
$end
