$energy
  -286.723820463344     
$gradient
             0.57325861374524E-06   0.27267289060273E-05   0.48350492183255E-05
             0.29840809971857E-05  -0.50464921917404E-05   0.36048158052471E-05
            -0.12976726684304E-05   0.15167810351324E-05  -0.35146806580053E-05
             0.25323846545161E-05   0.10420912349707E-05  -0.33507318743103E-05
            -0.54160699142908E-06   0.14427459340272E-05  -0.22596986949258E-05
            -0.31359703087583E-05  -0.55725791930916E-06   0.14856369164873E-05
            -0.83085553909124E-06   0.35630289495839E-05   0.64601143416193E-05
             0.28189517830169E-06   0.12904483776832E-05   0.46426894232815E-05
            -0.40890586943329E-05   0.25812049694665E-05  -0.21449823469633E-05
             0.45113691046761E-06  -0.39577543939767E-05  -0.76478394519242E-05
             0.75502375561365E-06  -0.27830600372869E-05  -0.45220708405069E-05
             0.94126885977208E-06  -0.24641497036459E-05  -0.44329512033370E-06
             0.13761152535541E-05   0.64570138030851E-06   0.28549952163226E-05
$end
