$hessian approximate
Dimension     39
  0.586285938781616     
 -7.483791326978874E-002  0.120794029569762     
  1.672156494710558E-002  4.673013196351315E-003  0.529850228801962     
 -1.750675102772183E-002  6.361964943219944E-003  2.800508060344699E-002
  0.399354031628529     
 -5.055630796392726E-002 -9.487218947662624E-003  4.412976384125691E-002
 -0.229608964262495       0.297839552911082     
 -1.803462686879901E-002  1.242570097720550E-002  6.526506055057213E-002
 -2.015147942000137E-003 -7.178714941145058E-002  5.135306516902979E-002
 -5.079142876021377E-003 -1.724521410534359E-002  7.826739970407223E-003
 -0.315696055343858       9.367880563715711E-002  4.915137095868725E-002
  0.646309877361032     
 -2.184870810636050E-004  1.336478647248540E-002  1.293759910984025E-002
 -4.075059203206512E-002 -7.291590060291295E-002  1.637207055688105E-002
  5.612078851893097E-002  0.606649375656976     
  8.595598690562757E-003  8.205098119300774E-004  9.152647632761366E-003
  6.693690307489766E-002 -2.649615059673560E-003 -5.123042431096077E-002
 -0.105090487412257      -7.417566701031422E-002  0.144466040615197     
 -1.650211742463101E-003 -4.107284133671572E-003  1.470268699079008E-004
 -2.016012033881385E-002  3.745631229567435E-002 -8.548033449253303E-003
 -0.133572495005205       7.622827381642173E-002  4.661907932185498E-003
  0.800135750778107     
  1.962635273240255E-002  1.016715352386384E-002  5.381388875697487E-003
  4.302078653278221E-002 -2.697178242821969E-002 -1.380941391496678E-002
  2.499353097093487E-002 -0.266377109614765       2.347539939068413E-002
 -6.662178117101150E-004  0.578049223123850     
 -3.897650665191823E-003  5.066850090137083E-004  4.909282224812326E-003
 -6.788953230055084E-003 -9.963683026540391E-003  1.774773725269743E-003
  2.842657174522600E-003  5.058641797999049E-003 -5.416823201725117E-002
  6.947667373709943E-003 -2.023979734619457E-002  0.107348542261392     
 -5.762221674998320E-002  6.761555890264103E-004 -1.159467155229065E-002
 -7.500324821272548E-003  2.947809231327852E-002  1.149574969769126E-002
  2.243475714736600E-002 -5.686082114128884E-002  1.050436468878655E-003
 -0.302516002765986      -0.122725165766654      -6.211339474442086E-003
  0.607049163164096     
 -2.452188930371116E-002 -1.399993501200763E-002  6.576810436474272E-003
 -1.322810616106320E-002 -3.383791134686849E-002 -3.754786377213726E-003
  4.662388085901263E-003 -5.833660426385533E-002 -2.463508459921876E-003
 -0.165726871292384      -0.212269227699784       2.555016279888274E-003
  0.107520597035734       0.728283444564648     
 -4.129678131087668E-003 -6.833911207128346E-003 -6.751045088453283E-003
 -1.737859419304282E-002 -4.700587518894518E-004 -3.390831223221700E-003
  1.897786804815599E-002 -1.228899168214633E-002  5.747107573086819E-003
  1.590481877946914E-002  1.977015156489582E-002 -5.328058259095597E-002
  1.286188597911085E-002 -7.591251393099918E-002  0.148294662934244     
 -0.227228130212973       5.010106891317729E-002  6.497052740837425E-002
 -1.749046159724136E-002  6.804112910237585E-002  3.857575139318141E-002
 -3.035732935904923E-003  3.845717039191955E-003 -9.074398683484633E-003
 -6.537637874157477E-002 -1.988086343674078E-002  3.464301437030580E-003
 -0.202325714050895       9.816088396415869E-002 -1.292774508654628E-002
  0.539154194034693     
  7.628803131070129E-002 -2.729781149187116E-002 -9.262428991739362E-002
 -2.909213698162825E-002  8.540729237142035E-002  3.376199249361378E-002
 -1.092727940809951E-004 -2.256114904996281E-002 -6.233951268271781E-003
  1.229667397585690E-002  7.663543376611832E-003  8.615400194888771E-003
  4.886478004560404E-002 -0.101421819106041       3.888554600521304E-002
 -0.174833661279918       5.313973840124753E-002
  0.149205570717335      -1.984218212162866E-002 -0.166537268694737     
 -1.957571561448978E-002  3.801575433059642E-003 -8.128091074679517E-003
 -2.800037806149605E-003  8.699896009969274E-003  9.874050906477532E-004
  1.289181558191923E-003 -1.755473310432534E-002  3.093514172815691E-003
 -1.651280895762985E-002  1.355191144015101E-002 -7.269172098160342E-002
 -0.128869691377753      -2.804360991555099E-002  0.233567334963750     
 -0.220460373238946       2.727085435755541E-002 -0.100258893030678     
  8.055361777753522E-003 -8.909353962428038E-003 -4.287823263827770E-003
 -6.062696730857088E-003 -3.310914843242102E-003  2.251510849529709E-003
  1.325506960255124E-003  4.325588393533444E-003 -1.000451220175674E-003
 -3.353368191607392E-003 -6.218766795678363E-003 -1.672552635820428E-003
 -2.355993602218537E-002  1.842956607249090E-002 -8.628502225712759E-003
  0.247385089547146     
  4.228496597242913E-003 -4.689377816044283E-002  1.338394285840750E-002
  4.432158924648043E-002 -4.324824712502522E-002 -4.015275840385869E-002
 -5.511667981899578E-002  9.105000681229953E-003  6.969052876677274E-003
 -3.667619185073169E-003  6.538367477595761E-003 -1.346291882903898E-003
 -7.483158496342939E-003 -7.981056992869117E-003 -2.223857675597044E-004
  5.339388745405125E-002  4.622509896821830E-002 -1.062777529518860E-002
 -4.325206627549650E-002  3.057698017937380E-002
 -0.114908297956853       1.519012858912750E-002 -0.149515633099150     
  4.375090253384250E-002 -2.169652996602254E-002 -9.050085832103861E-003
 -3.186886293624256E-002  2.300237082506729E-002  1.055396417806977E-003
 -7.800345586679949E-004 -3.109838032971431E-003 -3.802457156244282E-003
 -2.560422468867047E-003 -4.761952709238270E-003 -4.688994727810340E-003
  2.797701031218725E-002  8.044390420466922E-003  2.835281822387638E-003
  0.104649885084696      -1.570754912542187E-002  0.125598580301330     
  3.092541245242513E-002  1.107462956181237E-002 -2.181340066383201E-002
 -0.196743799811380       0.145491815661203      -6.352617299934677E-003
  5.876977346341502E-002  6.578073022701810E-003 -1.461593116243128E-002
  1.468090145524383E-002 -1.559141093416474E-002  7.690278926838946E-003
  1.000716067965070E-002  2.143251555368150E-002  7.602839943729315E-003
 -1.945554175071795E-002 -4.110068357580557E-003  1.442806379469535E-002
  6.022168153658740E-004 -4.262852618552132E-003 -2.071740876628753E-002
  0.131745147460846     
  1.077977451867302E-002 -7.299585393477759E-003 -1.089979366205411E-002
  0.145516773786780      -0.197705148375640       5.660485014034811E-002
  6.971633133377416E-003 -5.523445922461774E-003 -6.809354255143930E-003
 -7.986730541285304E-003 -1.200514154648416E-002  4.538821084554175E-003
 -3.417624595427944E-003  1.459660774412264E-002  4.256410797147891E-003
 -1.787421727250253E-002 -2.369067757923733E-002 -5.839746093084188E-003
 -8.071680672514068E-003 -6.246661925077212E-003  9.578014426642323E-003
 -0.138932550638061       0.266099496190851     
 -1.190514172608020E-002  5.312458446202124E-004  1.169098243783027E-002
 -5.314158832003166E-002  5.825034335568661E-002 -3.674497037419838E-002
 -4.314726288290126E-003 -1.871500163173291E-002  7.360949231399783E-003
 -8.323526659197607E-004  1.231632077534311E-002  3.363376525715606E-003
 -2.166692156363833E-003 -2.186887810346341E-003 -2.093232890181485E-003
  1.025643380477134E-002  9.265775863688477E-003  3.979687147656971E-003
  5.943672267084721E-003 -6.770895835483928E-003 -4.275361833790163E-003
  5.024384352627665E-002 -7.454567287353499E-002  3.837128446019809E-002
 -5.696537219144684E-003 -1.871057109920508E-003  2.966563066446016E-003
  0.143931447736897      -6.658657932418925E-002 -2.074549527122060E-002
 -0.238888464249438      -5.040384760472405E-002  4.261405138881132E-002
  1.125838415688558E-002  1.027051672360798E-002 -4.052449433414674E-003
  2.731596792332773E-005 -9.048403681798871E-003 -3.619735407348949E-003
  2.294808559168867E-002  1.504124936388884E-002 -4.544573904207414E-003
 -2.975731352140083E-004  1.819256026953787E-002  9.678794785692051E-003
 -3.333050183099305E-002  1.087692681630577E-002 -4.437752973802750E-003
  9.613115101505246E-002
  7.889783847378888E-003 -2.195722807111988E-003  7.822348256932553E-003
  8.122676112933831E-002 -4.794455697050681E-003 -5.666486579755534E-003
 -0.143114285179720      -0.189083417947666       4.991001091758621E-002
 -1.767912619201849E-002 -6.155904794908779E-004  9.957665308446320E-003
  1.194894827902976E-002 -3.305008391142291E-003  4.997188525653800E-003
 -4.883399024286499E-003  9.025426458661922E-003  1.756404900649281E-002
  7.201482672598881E-003  3.177295335470118E-003 -1.115571641828635E-002
 -4.229768538354572E-003  8.712487220711398E-003  7.114209152296787E-003
  6.153079188592751E-002  0.175561858181970     
  2.020235678743706E-002  1.110801886435091E-003  1.387151004971925E-002
  1.603676010647274E-002  5.250854470963308E-003  1.712296766748874E-002
  3.865926615491234E-002  8.497251628665732E-002 -4.892513457531703E-002
 -1.269523390435982E-002  1.682280306225004E-003 -1.463740515982759E-003
  7.286112554767289E-003 -2.132989452427028E-003 -5.512253250991290E-003
 -5.280917643342441E-002 -3.614987193300694E-002  3.683108072692749E-003
 -8.388079672260101E-004  9.269828301509197E-003  1.791239306327725E-002
 -2.336142457970327E-002 -1.566268815069060E-002 -7.693303034159873E-005
 -1.884859801687852E-002 -7.085406277014342E-002  8.072043010411752E-002
 -7.451232759536109E-003 -2.415749844646296E-004 -2.251258947657129E-003
 -2.514929096364684E-003 -1.181497832644900E-003 -1.804387840374921E-002
  1.903984050001253E-003 -5.782790960638434E-003 -1.093838867364257E-003
 -0.299915712248471       8.639095077914574E-002  2.981310316787696E-003
 -2.074087790818377E-002  7.934808718218120E-003 -1.073503461143209E-002
  2.403429626036594E-003 -2.168786824807101E-003 -1.154097705730048E-003
 -1.603737932912849E-003  1.700043090491171E-003  2.167091345124131E-003
  1.319253836698229E-002 -9.081956961845723E-003  9.247267777116121E-003
  4.572078759185978E-003  6.290761555485211E-003  8.353875350315339E-004
  0.306725500909209     
  1.307759955614550E-002 -1.059409387192419E-003 -1.264526509354133E-002
 -1.164567170572802E-002 -1.338509703898328E-003  1.365441911326496E-002
  2.810227171187070E-002 -2.116475985259972E-002  2.634854176286716E-003
  7.384218571797990E-002 -8.905364791120256E-002  5.494404887102214E-003
 -7.330547420791386E-003  2.029525226012325E-002  5.332505716881691E-003
 -2.117204697807259E-002  6.358483222240749E-005  1.451482985340602E-002
  1.346670183333640E-003 -4.219887283414911E-003 -9.895070386128446E-003
 -1.426322206816412E-003  8.060970545118883E-003 -4.135609839727166E-003
 -3.305810655609416E-004  1.357319404782004E-002 -1.609617457490970E-002
 -7.436566453301600E-002  7.710063311610453E-002
 -3.368973851334874E-003 -6.287140647929003E-003 -5.628163314203154E-003
  8.050332102728189E-003 -1.160737990223610E-002  5.995160033037433E-004
 -1.912755829135850E-002 -1.711863333049622E-002  2.908633248173262E-003
 -5.908859158285526E-003 -4.102366100993158E-003 -2.573683179826061E-002
  5.214339778519954E-003 -1.311465249965014E-003  5.288337702412384E-003
  2.876918505165917E-003  1.705226889711114E-002  4.017963840440248E-003
 -4.672273037081204E-004 -3.105681791653236E-003 -4.620075306720956E-003
 -7.172175001698020E-003  2.355241044932264E-002 -6.020920017530481E-003
  7.248532995412587E-003  1.548982696255559E-002 -1.795414385212991E-002
  1.376234521175523E-002 -5.011547429602962E-003  2.917222777789495E-002
  1.654866117755712E-002  1.075878191414001E-003 -1.515857828706511E-002
  8.218443255693075E-003 -3.904527467380210E-004  2.348085631305673E-003
 -1.583692062690878E-002 -1.331046761416312E-002  3.849013799693832E-003
  8.582415913910301E-003 -1.801114882410423E-002  3.834095313088193E-003
 -4.834049623027869E-002  6.634544324223539E-003 -4.123915732323943E-003
 -3.693191722139665E-002  1.969641987490348E-002  5.193573549631484E-003
  1.105995549290936E-004 -7.660644394816368E-005 -1.991286698471743E-003
 -1.467714230325794E-004 -1.783627033613759E-003  2.637177953740668E-003
  4.715825903834014E-003  4.755812565925306E-003 -3.373530065576079E-004
 -2.070019435219496E-003  3.455621766797679E-003  1.595203164436539E-003
  5.799160299994575E-002
 -1.663872286471311E-004  4.107487069076241E-003 -1.296661815999556E-002
 -2.634681416721053E-002 -2.102123408734448E-003  4.163417016717543E-003
  3.495332881255084E-002 -1.599704166808930E-004 -3.896248180990055E-003
  1.733392506054409E-002 -1.039039976962623E-002  2.816569813328611E-003
 -1.253275462557831E-002 -0.323370822441076       3.880574950487001E-002
  1.130727476321727E-002 -7.666916204622655E-003 -1.915905481454999E-004
 -9.169507104193124E-004 -6.288021715145512E-004 -6.468416270990535E-003
 -1.187297381086806E-002  2.629657987525666E-003  1.137516151471056E-003
  1.161847887408766E-003 -2.542857043984922E-003 -5.026821175038904E-004
 -8.877452735878347E-003  3.441734303490030E-003  6.554576975164443E-003
 -7.678594121469013E-003  0.332438996886270     
 -6.462078548422586E-003  3.731328667526974E-003 -2.821007899443638E-002
 -2.119023894482552E-002  1.614037731784239E-004 -7.100763361166540E-004
  3.123775178276305E-002 -3.588681247365803E-003 -6.955787078343716E-004
  1.383653639675493E-002  7.612460771053135E-004  1.041611141884949E-002
 -3.851223375387990E-003  4.902546265266457E-002 -3.509349968408600E-002
  6.842935916940604E-003  1.845307459949125E-002 -3.559805497911748E-003
 -1.842880119188242E-003  2.339263843710406E-003 -6.801435381579539E-003
  7.449940258303127E-003  1.077470408409058E-002 -4.514233216448116E-003
 -1.222844911547422E-002 -1.066880718025834E-003 -1.840778335720425E-002
 -1.026008768206310E-002  7.130278081965386E-003  7.330003418114889E-004
  5.074803016621054E-003 -5.922131184977041E-002  4.984922545126787E-002
 -9.435936059915633E-002  6.762606507786050E-003  2.429044120048062E-002
  8.440543418492665E-004 -7.561942261083269E-003 -2.241962633989592E-002
 -6.641844850557140E-003  1.051342844514691E-002 -3.050804219733946E-004
 -9.443004929819062E-003 -7.197122781777387E-003 -2.536390422322685E-003
  4.958103127011336E-003 -1.175059996213268E-002  3.039773208910280E-003
  1.347345887020070E-002  2.081967405640838E-002  2.637601812070271E-002
 -1.313093455325230E-003 -5.526414512965546E-003 -1.219692691863258E-002
  2.645727722629598E-003  4.765393790272664E-003 -7.927770023307215E-004
  4.809521025073283E-003 -5.585061974457455E-003  8.630722725552042E-003
 -9.124954103927543E-004  1.641331045036690E-003  4.256710334033993E-003
  3.125764748919852E-003  1.815915809032525E-003 -5.794765023503601E-003
  0.255432103549528     
  1.139750892831975E-002 -4.346459614821626E-002  5.056341688153720E-004
 -2.517541919082401E-002  3.040295773957901E-002  2.009046320319883E-003
  8.495266544168005E-003  5.657173241471511E-003 -4.838641284292062E-004
  5.354196310471653E-004  7.188592492977586E-003 -2.393459398883008E-003
 -5.736389896055853E-004 -4.309812635674967E-003 -6.661367825146851E-003
 -1.682942208641617E-002 -5.665363308355680E-003  1.521901563142778E-002
  6.490022345137072E-003  1.715725389618163E-002  1.059989117149473E-002
  1.808506579102782E-002 -4.333225895764077E-002  1.485079944258147E-002
 -6.292976842139035E-004 -9.251688881950717E-003  9.658512193104245E-003
 -5.412397938813343E-003  1.495218458536371E-003 -5.213856732827887E-003
 -1.573031056206048E-004  7.737496827808943E-004 -8.248368267539731E-003
  2.743763023140084E-002  5.637002412264924E-002
 -6.244159076185552E-002 -1.212505845908296E-002 -0.305657795834085     
 -4.228627392165259E-002 -2.073689874105084E-003 -3.529194462326423E-002
  5.823406896809471E-003 -1.929695790828842E-002 -1.792450543202442E-002
 -2.888633975555227E-004 -3.065261788168521E-004  7.569743573668099E-003
 -4.849652985262461E-003  7.202848070205943E-003  2.452405699869864E-002
  7.765102324730137E-002  3.665054593226334E-002 -1.102995416127603E-002
  3.532789580053109E-003  5.216543339361647E-002  1.849828072785076E-002
  9.070495645782358E-003 -2.734076479788187E-003 -6.559225566706688E-003
 -5.850984038365991E-004 -1.858269178287346E-002 -3.996207983262284E-002
  1.140759345940543E-002  3.272041028343251E-003  1.610843427718465E-002
  1.342001282460822E-003  2.145497403718800E-002  4.387966409196216E-002
 -0.135694331881482      -5.192647468813172E-002  0.516459364556889     
  3.293944014163982E-003 -5.020114459032785E-003  6.148858418360981E-003
  1.720910328460717E-002 -9.351056660173830E-003 -1.123708849652438E-003
 -4.605039396132341E-003  1.735164043375601E-002  2.203143414815230E-004
 -3.349033486049703E-003 -4.555796577515121E-003 -3.273076096045966E-003
 -2.077499371912155E-003 -1.585110048645291E-002 -3.799930165242245E-003
  1.742464441294382E-002 -1.122468462664553E-003 -1.440698014920998E-002
 -8.279959478730823E-004 -2.451179299193138E-003 -3.200443753365972E-003
 -1.289226361202436E-002  8.237885670260011E-003 -7.373641915908078E-004
 -1.018073370853405E-002 -5.352701027081917E-003  1.723998804502870E-002
  6.411473078731192E-003 -5.194846070726676E-003 -6.959588480474096E-003
  4.032811382427401E-003  1.819635060583105E-003 -2.812244569303206E-003
 -0.172618934139207      -2.366343447878459E-002  0.137318501240621     
  0.158179523490197     
  7.013437354810798E-003  3.264600713573531E-003  3.372546608936001E-002
  5.539982885627832E-002 -2.124850538922310E-002 -3.820901942459818E-003
 -4.239256151478051E-002  1.346021625305434E-003  1.290238118781302E-002
 -1.785894134159544E-002  8.076019453224653E-003 -5.599972721989590E-003
  1.243513776845087E-002 -4.343106686480109E-003 -9.658322954696383E-003
 -2.937635116001265E-002 -1.322094767648757E-002  8.748359697921048E-003
  5.615549233910578E-003 -3.561562874711626E-003  6.380277481393839E-003
 -2.223615248540833E-002 -4.296299984111548E-003  2.887857412388313E-003
  1.179587353407401E-002  1.738480005610527E-003  2.945367555632577E-002
  4.795558623534865E-003 -7.194373422304938E-003 -8.891012089557435E-003
  5.789923165288273E-003  3.470265523172191E-003 -2.025151970300893E-002
 -3.613483838986604E-002 -1.302124970772067E-002 -1.370036709047514E-002
  4.515353636108401E-002  4.899065842750219E-002
  3.042294736707974E-002  6.098878455493609E-003  2.756027332795228E-002
 -4.034662618612229E-004  8.654165114107968E-003  8.431040659266904E-003
  8.682611750647294E-003 -5.859161776958127E-003  1.265695233644830E-003
 -1.373376177444930E-002 -4.264112312596205E-003 -2.349982224073314E-005
  9.838286492560152E-003  1.361205510986207E-002 -3.520047654892314E-004
 -2.893389044052073E-002 -7.677271372699647E-003  9.782545300970783E-003
  2.619279986146955E-003 -6.194183168792760E-003  1.685411100256570E-002
 -2.452504627120435E-003  7.186120529257046E-003 -4.481402869476506E-003
  6.554210293028174E-003 -5.529459860128929E-003 -1.008340545024264E-003
  3.137200574425084E-003 -4.249665533197312E-003  1.132021095202053E-003
 -4.262819986637767E-003  8.314063625533410E-003 -6.885510129973865E-003
  0.113146232418629       2.208449211549693E-002 -0.210614038774094     
 -0.124614325791990      -3.217592091962126E-002  0.158339110288139     
$end
