#perp_grad magnitudes
1         0.00000   0.00000   -nan      
2         0.25468   0.04064   0.08311   
3         0.49937   0.07968   0.06381   
4         0.73007   0.11650   0.08668   
5         1.00021   0.15960   0.11552   
6         1.26822   0.20237   0.07802   
7         1.52282   0.24299   0.09233   
8         1.84496   0.29440   0.19553   
9         2.37210   0.37851   0.16702   
10        2.60231   0.41525   0.10067   
11        2.83426   0.45226   0.09359   
12        3.05855   0.48805   0.12018   
13        3.25686   0.51969   0.12473   
14        3.50521   0.55932   0.09232   
15        3.83806   0.61243   0.11054   
16        4.11238   0.65620   0.11815   
17        4.38694   0.70002   0.12631   
18        4.67455   0.74591   0.13307   
19        4.93240   0.78705   0.08189   
20        5.20747   0.83095   0.11311   
21        5.47844   0.87418   0.06299   
22        5.75165   0.91778   0.07539   
23        5.99981   0.95738   0.13978   
24        6.26692   1.00000   -nan      
