#perp_grad magnitudes
1         0.00000   0.00000   0.00000   
2         0.20841   0.03190   0.13552   
3         0.40682   0.06227   0.05075   
4         0.61971   0.09486   0.10246   
5         0.89844   0.13752   0.10925   
6         1.11739   0.17103   0.11039   
7         1.34163   0.20536   0.15073   
8         1.55971   0.23874   0.15324   
9         1.77037   0.27098   0.15449   
10        1.97419   0.30218   0.15084   
11        2.17618   0.33310   0.15092   
12        2.38955   0.36576   0.14242   
13        2.60730   0.39909   0.11731   
14        2.89705   0.44344   0.09673   
15        3.14419   0.48127   0.17942   
16        3.51058   0.53735   0.26511   
17        3.69951   0.56627   0.25025   
18        4.03309   0.61733   0.27863   
19        4.44347   0.68014   0.10176   
20        4.72199   0.72278   0.04687   
21        4.96113   0.75938   0.05757   
22        5.22959   0.80047   0.07136   
23        5.44793   0.83389   0.08285   
24        5.67118   0.86806   0.08825   
25        5.89286   0.90200   0.07477   
26        6.10429   0.93436   0.12137   
27        6.33495   0.96966   0.06575   
28        6.53314   1.00000   0.00000   
