# Energy profile
1         0.00000   0.00000   -286.85497          0.00000             
2         0.20841   0.03190   -286.85259          1.49633             
3         0.40682   0.06227   -286.84991          3.17857             
4         0.61971   0.09486   -286.84683          5.10626             
5         0.89844   0.13752   -286.85666          -1.06094            
6         1.11739   0.17103   -286.86357          -5.39493            
7         1.34163   0.20536   -286.86251          -4.73355            
8         1.55971   0.23874   -286.85990          -3.08985            
9         1.77037   0.27098   -286.85265          1.45493             
10        1.97419   0.30218   -286.84439          6.64187             
11        2.17618   0.33310   -286.84004          9.36894             
12        2.38955   0.36576   -286.83826          10.48460            
13        2.60730   0.39909   -286.83457          12.80260            
14        2.89705   0.44344   -286.83504          12.50598            
15        3.14419   0.48127   -286.84797          4.39281             
16        3.51058   0.53735   -286.85369          0.80210             
17        3.69951   0.56627   -286.83805          10.61765            
18        4.03309   0.61733   -286.84278          7.65094             
19        4.44347   0.68014   -286.82080          21.44271            
20        4.72199   0.72278   -286.81511          25.01243            
21        4.96113   0.75938   -286.81684          23.93076            
22        5.22959   0.80047   -286.82104          21.29132            
23        5.44793   0.83389   -286.82836          16.69795            
24        5.67118   0.86806   -286.83498          12.54439            
25        5.89286   0.90200   -286.84080          8.89009             
26        6.10429   0.93436   -286.84414          6.79724             
27        6.33495   0.96966   -286.84854          4.03896             
28        6.53314   1.00000   -286.85056          2.76606             
