#perp_grad magnitudes
1         0.00000   0.00000   0.00000   
2         0.22556   0.04088   0.14822   
3         0.45201   0.08192   0.07652   
4         0.69058   0.12515   0.06181   
5         0.93980   0.17031   0.09357   
6         1.22508   0.22201   0.07909   
7         1.49440   0.27082   0.07070   
8         1.80313   0.32677   0.06895   
9         2.09638   0.37991   0.05079   
10        2.30931   0.41850   0.05519   
11        2.57048   0.46583   0.09301   
12        2.80034   0.50749   0.16504   
13        2.96221   0.53682   0.15759   
14        3.19314   0.57867   0.08444   
15        3.43180   0.62192   0.11513   
16        3.68514   0.66783   0.11104   
17        3.90858   0.70832   0.12029   
18        4.13537   0.74942   0.09986   
19        4.38393   0.79447   0.12875   
20        4.59644   0.83298   0.18742   
21        4.85017   0.87896   0.06601   
22        5.07077   0.91894   0.10301   
23        5.29427   0.95944   0.36754   
24        5.51806   1.00000   0.00000   
