# Energy profile
1         0.00000   0.00000   -286.87080          0.00000             
2         0.22556   0.04088   -286.86876          1.28176             
3         0.45201   0.08192   -286.86462          3.87935             
4         0.69058   0.12515   -286.85826          7.86980             
5         0.93980   0.17031   -286.84782          14.41923            
6         1.22508   0.22201   -286.83945          19.67111            
7         1.49440   0.27082   -286.83193          24.39022            
8         1.80313   0.32677   -286.82904          26.20232            
9         2.09638   0.37991   -286.81194          36.93786            
10        2.30931   0.41850   -286.79027          50.53432            
11        2.57048   0.46583   -286.77486          60.20342            
12        2.80034   0.50749   -286.79231          49.25472            
13        2.96221   0.53682   -286.81069          37.71926            
14        3.19314   0.57867   -286.81183          37.00220            
15        3.43180   0.62192   -286.81990          31.93829            
16        3.68514   0.66783   -286.82103          31.23381            
17        3.90858   0.70832   -286.82714          27.39712            
18        4.13537   0.74942   -286.83142          24.71206            
19        4.38393   0.79447   -286.83444          22.81565            
20        4.59644   0.83298   -286.83606          21.79889            
21        4.85017   0.87896   -286.83991          19.38277            
22        5.07077   0.91894   -286.84144          18.42270            
23        5.29427   0.95944   -286.83954          19.61651            
24        5.51806   1.00000   -286.84372          16.99299            
