#perp_grad magnitudes
1         0.00000   0.00000   0.00000   
2         0.12942   0.03469   0.22639   
3         0.25907   0.06944   0.07559   
4         0.38686   0.10369   0.05769   
5         0.50231   0.13464   0.02979   
6         0.61969   0.16610   0.04662   
7         0.76034   0.20380   0.06316   
8         0.89809   0.24072   0.03275   
9         1.02740   0.27538   0.05723   
10        1.14755   0.30758   0.03445   
11        1.26757   0.33975   0.03704   
12        1.46129   0.39168   0.06580   
13        1.71932   0.46084   0.05841   
14        1.95668   0.52446   0.13123   
15        2.14984   0.57623   0.05762   
16        2.27324   0.60931   0.04510   
17        2.39830   0.64282   0.06733   
18        2.57083   0.68907   0.05339   
19        2.69798   0.72315   0.05315   
20        2.82923   0.75833   0.04234   
21        2.94401   0.78909   0.03869   
22        3.06257   0.82087   0.09324   
23        3.24037   0.86853   0.12596   
24        3.37429   0.90442   0.08532   
25        3.49868   0.93776   0.04368   
26        3.61155   0.96802   0.06700   
27        3.73087   1.00000   0.00000   
