# Energy profile
1         0.00000   0.00000   -286.85846          0.00000             
2         0.12942   0.03469   -286.85678          1.05751             
3         0.25907   0.06944   -286.85627          1.37320             
4         0.38686   0.10369   -286.85503          2.15448             
5         0.50231   0.13464   -286.85336          3.20465             
6         0.61969   0.16610   -286.85043          5.03903             
7         0.76034   0.20380   -286.84766          6.77833             
8         0.89809   0.24072   -286.84442          8.81400             
9         1.02740   0.27538   -286.83893          12.25597            
10        1.14755   0.30758   -286.83245          16.32027            
11        1.26757   0.33975   -286.82317          22.14794            
12        1.46129   0.39168   -286.82152          23.17937            
13        1.71932   0.46084   -286.78302          47.33983            
14        1.95668   0.52446   -286.79883          37.41980            
15        2.14984   0.57623   -286.78373          46.89407            
16        2.27324   0.60931   -286.78451          46.40586            
17        2.39830   0.64282   -286.79762          38.18108            
18        2.57083   0.68907   -286.79491          39.87887            
19        2.69798   0.72315   -286.80266          35.01934            
20        2.82923   0.75833   -286.80976          30.55807            
21        2.94401   0.78909   -286.81757          25.66238            
22        3.06257   0.82087   -286.82313          22.17114            
23        3.24037   0.86853   -286.82884          18.58819            
24        3.37429   0.90442   -286.83208          16.55506            
25        3.49868   0.93776   -286.83560          14.34586            
26        3.61155   0.96802   -286.83695          13.49641            
27        3.73087   1.00000   -286.83832          12.64137            
