#perp_grad magnitudes
1         0.00000   0.00000   0.00000   
2         0.15805   0.02352   0.09510   
3         0.31194   0.04643   0.05277   
4         0.48435   0.07209   0.07215   
5         0.67237   0.10007   0.11419   
6         0.83257   0.12391   0.07882   
7         1.01685   0.15134   0.09350   
8         1.18624   0.17655   0.09683   
9         1.33673   0.19895   0.11392   
10        1.49582   0.22263   0.10587   
11        1.68199   0.25034   0.08455   
12        1.88148   0.28003   0.08889   
13        2.15182   0.32026   0.21032   
14        2.45291   0.36507   0.21549   
15        2.85965   0.42561   0.09823   
16        3.03026   0.45100   0.07777   
17        3.13930   0.46723   0.05208   
18        3.33295   0.49605   0.08797   
19        3.50914   0.52228   0.12155   
20        3.69339   0.54970   0.16066   
21        3.86096   0.57464   0.23011   
22        4.51975   0.67269   0.19652   
23        4.66975   0.69501   0.08812   
24        4.93287   0.73417   0.12221   
25        5.13889   0.76484   0.15841   
26        5.30176   0.78908   0.14235   
27        5.48556   0.81643   0.16807   
28        5.67442   0.84454   0.13054   
29        5.86436   0.87281   0.11973   
30        6.04627   0.89989   0.12455   
31        6.22634   0.92669   0.16080   
32        6.39791   0.95222   0.06674   
33        6.57490   0.97856   0.18258   
34        6.71893   1.00000   0.00000   
