#perp_grad magnitudes
1         0.00000   0.00000   0.00000   
2         0.33659   0.03868   0.08268   
3         0.65017   0.07472   0.12395   
4         1.05063   0.12074   0.09361   
5         1.42784   0.16408   0.08451   
6         1.87266   0.21520   0.08872   
7         2.38381   0.27394   0.09420   
8         2.95812   0.33994   0.06841   
9         3.40277   0.39104   0.07043   
10        3.73736   0.42949   0.19135   
11        4.07306   0.46806   0.17452   
12        4.40904   0.50667   0.09392   
13        4.61958   0.53087   0.06785   
14        4.83590   0.55573   0.07182   
15        5.18178   0.59547   0.06768   
16        5.53624   0.63621   0.07300   
17        5.90914   0.67906   0.07847   
18        6.28243   0.72196   0.07572   
19        6.63871   0.76290   0.13863   
20        7.00091   0.80452   0.10909   
21        7.34893   0.84452   0.14467   
22        7.68018   0.88258   0.05774   
23        8.00840   0.92030   0.07662   
24        8.34898   0.95944   0.39579   
25        8.70195   1.00000   0.00000   
