# Energy profile
1         0.00000   0.00000   -286.87239          0.00000             
2         0.33659   0.03868   -286.86391          5.32314             
3         0.65017   0.07472   -286.84453          17.48273            
4         1.05063   0.12074   -286.82923          27.08740            
5         1.42784   0.16408   -286.81803          34.11134            
6         1.87266   0.21520   -286.80594          41.70065            
7         2.38381   0.27394   -286.79648          47.63407            
8         2.95812   0.33994   -286.78531          54.64913            
9         3.40277   0.39104   -286.75963          70.76056            
10        3.73736   0.42949   -286.75554          73.32805            
11        4.07306   0.46806   -286.78535          54.61883            
12        4.40904   0.50667   -286.80772          40.58243            
13        4.61958   0.53087   -286.82008          32.82704            
14        4.83590   0.55573   -286.82288          31.06966            
15        5.18178   0.59547   -286.82631          28.91831            
16        5.53624   0.63621   -286.82925          27.07522            
17        5.90914   0.67906   -286.83135          25.75399            
18        6.28243   0.72196   -286.83173          25.51827            
19        6.63871   0.76290   -286.83034          26.38698            
20        7.00091   0.80452   -286.83140          25.72504            
21        7.34893   0.84452   -286.83092          26.02744            
22        7.68018   0.88258   -286.83373          24.26403            
23        8.00840   0.92030   -286.83520          23.33851            
24        8.34898   0.95944   -286.83297          24.73888            
25        8.70195   1.00000   -286.83800          21.58521            
