#perp_grad magnitudes
1         0.00000   0.00000   0.00000   
2         0.17497   0.02867   0.05358   
3         0.38381   0.06288   0.06229   
4         0.57570   0.09432   0.07568   
5         0.80335   0.13162   0.09922   
6         1.01657   0.16656   0.10549   
7         1.23233   0.20191   0.08339   
8         1.42429   0.23336   0.08251   
9         1.61751   0.26501   0.07074   
10        1.87528   0.30725   0.09069   
11        2.37019   0.38833   0.13307   
12        2.54733   0.41736   0.09358   
13        2.80644   0.45981   0.07137   
14        3.00615   0.49253   0.10803   
15        3.20970   0.52588   0.12128   
16        3.43813   0.56331   0.10889   
17        3.61419   0.59215   0.10323   
18        3.80607   0.62359   0.13547   
19        4.01498   0.65782   0.11050   
20        4.21141   0.69000   0.10185   
21        4.42058   0.72427   0.08072   
22        4.64824   0.76157   0.07571   
23        4.85565   0.79555   0.09189   
24        5.06930   0.83056   0.09899   
25        5.30060   0.86846   0.10337   
26        5.52157   0.90466   0.07488   
27        5.72997   0.93880   0.05852   
28        5.93498   0.97239   0.09775   
29        6.10348   1.00000   0.00000   
