13
image # 1 Energy = -286.85491
C 1.67645   0.40302   -0.19305  
C 1.12793   -0.82945  -0.27629  
C -0.31119  -1.06506  -0.07801  
C -1.15736  0.32419   0.05969   
C -0.33623  1.53054   -0.14966  
N 0.95047   1.59413   -0.17784  
H 2.75216   0.53642   -0.27345  
H 1.75243   -1.68929  -0.50634  
H -0.75361  -1.90733  -0.61314  
H -2.16910  0.38242   -0.34649  
H -0.88234  2.45476   -0.35411  
C -0.94382  -0.61789  1.16069   
H -1.70577  -1.11646  1.74799   
13
image # 2 Energy = -286.85296
C 1.67879   0.39519   -0.20232  
C 1.13391   -0.83191  -0.29103  
C -0.31447  -1.06935  -0.08056  
C -1.15726  0.29142   0.01072   
C -0.33616  1.52687   -0.12114  
N 0.94663   1.59471   -0.15505  
H 2.75150   0.53423   -0.28914  
H 1.76427   -1.68727  -0.52468  
H -0.73239  -1.94251  -0.61621  
H -2.19383  0.31322   -0.38302  
H -0.86748  2.47707   -0.28742  
C -0.94631  -0.58223  1.15692   
H -1.73015  -1.02438  1.77324   
13
image # 3 Energy = -286.84907
C 1.67814   0.39703   -0.21650  
C 1.13482   -0.84021  -0.30494  
C -0.31301  -1.08380  -0.08511  
C -1.17242  0.27129   -0.05021  
C -0.34813  1.52541   -0.10928  
N 0.94713   1.58415   -0.12122  
H 2.75244   0.53318   -0.30926  
H 1.77734   -1.68481  -0.54643  
H -0.70324  -1.97076  -0.60306  
H -2.19819  0.22834   -0.42725  
H -0.85054  2.48819   -0.19999  
C -0.96084  -0.55537  1.15367   
H -1.74925  -0.90175  1.79702   
13
image # 4 Energy = -286.84290
C 1.66999   0.38959   -0.22842  
C 1.13865   -0.83986  -0.31210  
C -0.30306  -1.09717  -0.09046  
C -1.18262  0.23442   -0.08919  
C -0.34256  1.52273   -0.10165  
N 0.93762   1.57414   -0.09188  
H 2.75249   0.53428   -0.32889  
H 1.78669   -1.68276  -0.56693  
H -0.67940  -1.99502  -0.58596  
H -2.20227  0.15281   -0.47084  
H -0.84216  2.49720   -0.12287  
C -0.96582  -0.51310  1.13515   
H -1.77536  -0.78941  1.82000   
13
image # 5 Energy = -286.83579
C 1.67943   0.39002   -0.24124  
C 1.14593   -0.85659  -0.31995  
C -0.29044  -1.09607  -0.07735  
C -1.17232  0.20424   -0.13377  
C -0.36333  1.50780   -0.10602  
N 0.93840   1.55948   -0.05702  
H 2.73694   0.53682   -0.35430  
H 1.79051   -1.67498  -0.59164  
H -0.65785  -2.02502  -0.55537  
H -2.20374  0.07050   -0.53514  
H -0.84331  2.49630   -0.02576  
C -0.98277  -0.47759  1.12029   
H -1.78630  -0.65026  1.83622   
13
image # 6 Energy = -286.82851
C 1.66729   0.37184   -0.24988  
C 1.16104   -0.84557  -0.32169  
C -0.28738  -1.10542  -0.06163  
C -1.17782  0.18742   -0.19607  
C -0.36445  1.49029   -0.10074  
N 0.91868   1.54993   -0.03244  
H 2.73575   0.54302   -0.37943  
H 1.79954   -1.67813  -0.61744  
H -0.63769  -2.04667  -0.52142  
H -2.19093  -0.00360  -0.59153  
H -0.84848  2.48342   0.05913   
C -0.99550  -0.44588  1.12139   
H -1.79158  -0.51728  1.84174   
13
image # 7 Energy = -286.81995
C 1.66461   0.38865   -0.25652  
C 1.16122   -0.86526  -0.32165  
C -0.28727  -1.11159  -0.04490  
C -1.18444  0.15492   -0.24249  
C -0.37273  1.48175   -0.08641  
N 0.90344   1.53321   -0.01370  
H 2.73457   0.55035   -0.40406  
H 1.80971   -1.68120  -0.64153  
H -0.61609  -2.06528  -0.48492  
H -2.17411  -0.07793  -0.64424  
H -0.85461  2.45384   0.13692   
C -0.99207  -0.39896  1.09562   
H -1.80607  -0.38008  1.85105   
13
image # 8 Energy = -286.80747
C 1.66003   0.38126   -0.26476  
C 1.16661   -0.86371  -0.32115  
C -0.27643  -1.12054  -0.04426  
C -1.18565  0.10852   -0.26931  
C -0.39234  1.47157   -0.06331  
N 0.90915   1.52479   -0.00483  
H 2.73030   0.55751   -0.41980  
H 1.81919   -1.68243  -0.65692  
H -0.59731  -2.08870  -0.46162  
H -2.17567  -0.15352  -0.67550  
H -0.86021  2.43462   0.19194   
C -1.00142  -0.33360  1.08836   
H -1.81138  -0.25475  1.84504   
13
image # 9 Energy = -286.79602
C 1.66334   0.38145   -0.27419  
C 1.17414   -0.87409  -0.32139  
C -0.26082  -1.12400  -0.04124  
C -1.19123  0.06701   -0.29742  
C -0.39516  1.44402   -0.04102  
N 0.89758   1.51700   0.00115   
H 2.72067   0.56573   -0.43446  
H 1.82423   -1.67926  -0.66781  
H -0.58165  -2.10945  -0.43431  
H -2.17228  -0.22325  -0.70874  
H -0.87633  2.40969   0.24697   
C -1.01529  -0.26648  1.08562   
H -1.80410  -0.12828  1.83182   
13
image # 10 Energy = -286.81420
C 1.65670   0.38879   -0.28562  
C 1.18955   -0.87678  -0.31978  
C -0.25069  -1.11404  -0.01958  
C -1.19657  0.03763   -0.34281  
C -0.42301  1.38423   -0.00738  
N 0.89103   1.49243   0.00516   
H 2.71298   0.58483   -0.45693  
H 1.82735   -1.67925  -0.67766  
H -0.57108  -2.11549  -0.37514  
H -2.15173  -0.27945  -0.77870  
H -0.91603  2.33001   0.32049   
C -1.01132  -0.19834  1.05863   
H -1.77700  0.02520   1.82598   
13
image # 11 Energy = -286.83342
C 1.66114   0.41642   -0.31320  
C 1.19230   -0.86867  -0.31896  
C -0.23783  -1.05936  0.04573   
C -1.21365  0.03154   -0.43306  
C -0.49154  1.21132   0.08712   
N 0.88846   1.45500   0.00671   
H 2.71079   0.62790   -0.49480  
H 1.81937   -1.68646  -0.67871  
H -0.58626  -2.07774  -0.20268  
H -2.10941  -0.26846  -0.95850  
H -1.01417  2.12725   0.42563   
C -0.98253  -0.09556  0.98019   
H -1.66206  0.16823   1.80522   
13
image # 12 Energy = -286.83617
C 1.65747   0.43025   -0.30537  
C 1.18543   -0.87498  -0.32947  
C -0.24431  -1.05603  0.00352   
C -1.23303  -0.01360  -0.44486  
C -0.49323  1.17982   0.16897   
N 0.90620   1.47193   -0.03873  
H 2.72429   0.63302   -0.48448  
H 1.82910   -1.68862  -0.65279  
H -0.57890  -2.10016  -0.18856  
H -2.15241  -0.30655  -0.95218  
H -1.02703  2.11653   0.40251   
C -0.94785  -0.00633  0.98221   
H -1.65515  0.19649   1.79283   
13
image # 13 Energy = -286.82189
C 1.66017   0.42364   -0.28698  
C 1.18622   -0.88352  -0.33251  
C -0.24756  -1.10205  -0.07483  
C -1.24045  -0.06619  -0.40244  
C -0.46891  1.23667   0.19534   
N 0.90083   1.49299   -0.08328  
H 2.72398   0.61691   -0.45601  
H 1.84740   -1.68864  -0.62290  
H -0.55664  -2.14466  -0.27704  
H -2.20400  -0.36565  -0.85145  
H -0.99775  2.19574   0.33751   
C -0.94004  0.05640   1.00946   
H -1.69501  0.20947   1.79976   
13
image # 14 Energy = -286.81394
C 1.65983   0.43166   -0.27622  
C 1.16771   -0.88440  -0.32796  
C -0.22060  -1.12337  -0.17269  
C -1.24843  -0.10374  -0.37212  
C -0.44730  1.25537   0.23119   
N 0.88717   1.49322   -0.13018  
H 2.71911   0.61175   -0.43691  
H 1.86020   -1.69708  -0.57106  
H -0.54514  -2.17813  -0.31759  
H -2.23615  -0.39154  -0.79509  
H -1.00264  2.20068   0.28300   
C -0.93980  0.13736   1.01815   
H -1.68749  0.22935   1.82172   
13
image # 15 Energy = -286.82019
C 1.64219   0.43225   -0.27383  
C 1.16535   -0.90191  -0.31447  
C -0.20256  -1.16239  -0.27188  
C -1.24326  -0.16439  -0.31518  
C -0.42553  1.28658   0.23512   
N 0.87904   1.48762   -0.14860  
H 2.71314   0.60669   -0.43009  
H 1.86595   -1.70320  -0.52933  
H -0.52905  -2.20500  -0.38082  
H -2.23954  -0.40425  -0.76144  
H -1.00662  2.22154   0.24709   
C -0.96741  0.21294   1.04500   
H -1.68543  0.27459   1.85167   
13
image # 16 Energy = -286.82565
C 1.63622   0.40739   -0.26885  
C 1.17260   -0.91942  -0.29364  
C -0.20111  -1.21983  -0.27626  
C -1.25795  -0.26673  -0.26287  
C -0.41166  1.35017   0.25895   
N 0.87642   1.48672   -0.14086  
H 2.69511   0.60121   -0.43246  
H 1.87527   -1.70581  -0.54037  
H -0.51394  -2.23282  -0.47650  
H -2.22269  -0.44198  -0.76763  
H -1.00023  2.27952   0.25627   
C -0.98961  0.27422   1.04320   
H -1.68862  0.36870   1.85409   
13
image # 17 Energy = -286.83455
C 1.62508   0.39103   -0.26494  
C 1.16975   -0.92388  -0.29070  
C -0.18919  -1.24085  -0.28430  
C -1.26545  -0.33884  -0.22818  
C -0.40049  1.40625   0.27225   
N 0.86673   1.48600   -0.15158  
H 2.69596   0.59505   -0.42098  
H 1.88929   -1.70637  -0.54688  
H -0.49776  -2.25930  -0.53406  
H -2.22954  -0.49863  -0.71510  
H -0.97523  2.32639   0.24625   
C -1.00534  0.32638   1.03345   
H -1.70840  0.41831   1.83822   
13
image # 18 Energy = -286.84262
C 1.62679   0.38081   -0.26238  
C 1.18523   -0.92259  -0.29991  
C -0.19697  -1.26959  -0.28520  
C -1.25811  -0.37993  -0.17649  
C -0.38482  1.45301   0.27005   
N 0.86050   1.49090   -0.16002  
H 2.69308   0.58196   -0.40539  
H 1.90026   -1.70236  -0.56527  
H -0.47815  -2.27818  -0.57778  
H -2.24261  -0.57318  -0.63533  
H -0.93693  2.39825   0.23327   
C -1.02822  0.35112   1.00677   
H -1.75826  0.45089   1.81237   
13
image # 19 Energy = -286.85271
C 1.62895   0.38117   -0.25868  
C 1.18425   -0.92711  -0.31311  
C -0.18535  -1.29782  -0.29793  
C -1.27056  -0.42368  -0.14428  
C -0.36410  1.49965   0.26770   
N 0.87158   1.50027   -0.16266  
H 2.69538   0.56788   -0.39902  
H 1.90554   -1.69429  -0.58695  
H -0.45600  -2.29999  -0.60451  
H -2.25096  -0.65606  -0.53833  
H -0.88602  2.47255   0.22073   
C -1.05547  0.38160   1.00732   
H -1.82795  0.47572   1.76601   
13
image # 20 Energy = -286.86327
C 1.62971   0.37277   -0.25769  
C 1.18622   -0.92468  -0.32733  
C -0.18577  -1.31119  -0.31078  
C -1.25917  -0.47267  -0.10340  
C -0.35117  1.54481   0.27642   
N 0.88094   1.51197   -0.16286  
H 2.70151   0.55757   -0.39679  
H 1.91049   -1.68637  -0.60896  
H -0.43422  -2.32632  -0.61555  
H -2.26637  -0.73976  -0.45616  
H -0.83763  2.52569   0.21640   
C -1.08407  0.41505   0.98729   
H -1.89247  0.51216   1.71878   
13
image # 21 Energy = -286.87649
C 1.63341   0.37345   -0.25944  
C 1.18832   -0.92290  -0.34261  
C -0.17742  -1.33163  -0.31879  
C -1.26802  -0.52326  -0.06351  
C -0.33303  1.56715   0.29396   
N 0.88288   1.51703   -0.15181  
H 2.70471   0.55224   -0.40579  
H 1.91585   -1.67829  -0.63590  
H -0.40876  -2.35037  -0.60312  
H -2.26521  -0.82718  -0.38096  
H -0.79890  2.55811   0.23908   
C -1.11615  0.46097   0.94063   
H -1.95340  0.58367   1.65092   
13
image # 22 Energy = -286.88617
C 1.63959   0.37273   -0.26344  
C 1.19270   -0.91554  -0.36228  
C -0.17564  -1.34517  -0.31237  
C -1.26868  -0.56043  -0.03336  
C -0.32960  1.57423   0.31614   
N 0.90728   1.52697   -0.13375  
H 2.70722   0.54696   -0.42337  
H 1.91885   -1.66756  -0.67085  
H -0.38271  -2.37786  -0.58056  
H -2.26794  -0.92063  -0.29700  
H -0.75403  2.59327   0.27445   
C -1.16015  0.50079   0.90180   
H -2.01755  0.65167   1.55333   
13
image # 23 Energy = -286.89437
C 1.63654   0.37622   -0.26795  
C 1.19011   -0.92013  -0.38100  
C -0.16430  -1.34997  -0.30485  
C -1.26881  -0.59207  0.00099   
C -0.31197  1.58142   0.32832   
N 0.91493   1.53411   -0.10525  
H 2.71182   0.54395   -0.44151  
H 1.91768   -1.65559  -0.69689  
H -0.36259  -2.40233  -0.56497  
H -2.26724  -0.99767  -0.21876  
H -0.71465  2.61760   0.31460   
C -1.18596  0.52996   0.84541   
H -2.08262  0.71438   1.46571   
13
image # 24 Energy = -286.90113
C 1.64276   0.36818   -0.27637  
C 1.18944   -0.90008  -0.39723  
C -0.16147  -1.38067  -0.29772  
C -1.27570  -0.62005  0.02313   
C -0.30980  1.60624   0.34314   
N 0.93463   1.53522   -0.07528  
H 2.71016   0.54175   -0.46288  
H 1.91771   -1.64668  -0.72589  
H -0.34139  -2.40710  -0.54030  
H -2.25869  -1.06780  -0.13559  
H -0.67064  2.62687   0.36357   
C -1.22077  0.55274   0.79898   
H -2.14155  0.77175   1.36127   
13
image # 25 Energy = -286.90782
C 1.65460   0.37933   -0.28522  
C 1.18435   -0.90801  -0.42055  
C -0.16876  -1.38498  -0.28411  
C -1.27023  -0.65807  0.04331   
C -0.29627  1.60806   0.35812   
N 0.94678   1.53978   -0.03963  
H 2.70300   0.53948   -0.48466  
H 1.91576   -1.63391  -0.75120  
H -0.32286  -2.42593  -0.52257  
H -2.24644  -1.13608  -0.04059  
H -0.63301  2.64460   0.42609   
C -1.26100  0.58470   0.75015   
H -2.19038  0.83311   1.23663   
13
image # 26 Energy = -286.91241
C 1.63998   0.37746   -0.29545  
C 1.18056   -0.89970  -0.44056  
C -0.15817  -1.39513  -0.26819  
C -1.27984  -0.66270  0.06714   
C -0.29503  1.61130   0.36237   
N 0.97095   1.54337   0.00018   
H 2.70549   0.54093   -0.50754  
H 1.91643   -1.62727  -0.77585  
H -0.30954  -2.44597  -0.50829  
H -2.23415  -1.19509  0.05130   
H -0.60012  2.65432   0.49774   
C -1.28044  0.59280   0.69235   
H -2.24180  0.88987   1.11557   
13
image # 27 Energy = -286.91867
C 1.63913   0.38156   -0.30751  
C 1.17474   -0.90109  -0.45707  
C -0.15709  -1.41050  -0.26884  
C -1.27267  -0.68923  0.10621   
C -0.28615  1.62105   0.37958   
N 0.97529   1.54747   0.03333   
H 2.69492   0.54124   -0.52318  
H 1.91668   -1.62339  -0.79441  
H -0.30034  -2.45788  -0.49720  
H -2.21914  -1.23815  0.13305   
H -0.58244  2.64541   0.56925   
C -1.30152  0.62471   0.61814   
H -2.26867  0.94624   1.00317   
13
image # 28 Energy = -286.92214
C 1.62308   0.39778   -0.31298  
C 1.16980   -0.90732  -0.47523  
C -0.15828  -1.41467  -0.26891  
C -1.25971  -0.71464  0.14288   
C -0.29325  1.62349   0.40240   
N 1.00578   1.53741   0.05506   
H 2.68301   0.54405   -0.53823  
H 1.91444   -1.61954  -0.81130  
H -0.29437  -2.47313  -0.48542  
H -2.20065  -1.26728  0.20965   
H -0.57794  2.63432   0.64725   
C -1.32077  0.65075   0.53686   
H -2.28131  1.00098   0.89527   
13
image # 29 Energy = -286.92435
C 1.61229   0.39455   -0.31986  
C 1.16564   -0.90288  -0.48727  
C -0.15975  -1.42336  -0.26833  
C -1.25263  -0.72818  0.15577   
C -0.29749  1.60945   0.42364   
N 1.00978   1.53909   0.07907   
H 2.66834   0.54866   -0.55229  
H 1.91183   -1.61667  -0.82809  
H -0.29026  -2.48535  -0.46638  
H -2.18271  -1.28180  0.26819   
H -0.58810  2.62027   0.71846   
C -1.31488  0.67521   0.47593   
H -2.28204  1.05101   0.80115   
