#perp_grad magnitudes
1         0.00000   0.00000   0.00000   
2         0.18456   0.03147   0.20598   
3         0.40267   0.06867   0.06170   
4         0.63437   0.10818   0.10015   
5         0.84723   0.14448   0.11238   
6         1.06635   0.18185   0.11760   
7         1.28090   0.21844   0.14405   
8         1.55292   0.26482   0.14931   
9         1.83656   0.31319   0.09406   
10        2.04317   0.34843   0.11212   
11        2.24326   0.38255   0.15130   
12        2.44122   0.41631   0.13292   
13        2.63391   0.44917   0.12146   
14        2.81627   0.48027   0.13074   
15        2.95862   0.50454   0.12443   
16        3.15757   0.53847   0.07812   
17        3.35170   0.57158   0.09829   
18        3.53405   0.60267   0.15748   
19        3.94240   0.67231   0.09903   
20        4.19675   0.71568   0.05196   
21        4.39441   0.74939   0.06098   
22        4.65330   0.79354   0.08315   
23        4.85113   0.82728   0.07869   
24        5.06897   0.86443   0.07715   
25        5.27741   0.89997   0.08534   
26        5.48364   0.93514   0.05865   
27        5.67326   0.96748   0.11627   
28        5.86396   1.00000   0.00000   
