#perp_grad magnitudes
1         0.00000   0.00000   0.00000   
2         0.23861   0.03758   0.07406   
3         0.48393   0.07621   0.08983   
4         0.70773   0.11146   0.06884   
5         0.96644   0.15220   0.09950   
6         1.19947   0.18890   0.13367   
7         1.43224   0.22556   0.15365   
8         1.73340   0.27298   0.13406   
9         1.95945   0.30858   0.16507   
10        2.24827   0.35407   0.15257   
11        2.49681   0.39321   0.18535   
12        2.80973   0.44249   0.15506   
13        3.08559   0.48593   0.13594   
14        3.40849   0.53679   0.11439   
15        3.73251   0.58781   0.13331   
16        3.94948   0.62198   0.12129   
17        4.23235   0.66653   0.13303   
18        4.45814   0.70209   0.08754   
19        4.77602   0.75215   0.09927   
20        5.08362   0.80059   0.15987   
21        5.39338   0.84938   0.13933   
22        5.63683   0.88772   0.11101   
23        5.86926   0.92432   0.11186   
24        6.10311   0.96115   0.06740   
25        6.34982   1.00000   0.00000   
