# Energy profile
1         0.00000   0.00000   -286.95149          0.00000             
2         0.23861   0.03758   -286.94877          1.70763             
3         0.48393   0.07621   -286.94405          4.67034             
4         0.70773   0.11146   -286.93801          8.45831             
5         0.96644   0.15220   -286.92868          14.31466            
6         1.19947   0.18890   -286.91775          21.17464            
7         1.43224   0.22556   -286.90234          30.84467            
8         1.73340   0.27298   -286.88992          38.63952            
9         1.95945   0.30858   -286.86235          55.93612            
10        2.24827   0.35407   -286.84137          69.10579            
11        2.49681   0.39321   -286.78430          104.91749           
12        2.80973   0.44249   -286.76546          116.73692           
13        3.08559   0.48593   -286.74477          129.71951           
14        3.40849   0.53679   -286.65768          184.37034           
15        3.73251   0.58781   -286.72981          139.10755           
16        3.94948   0.62198   -286.78731          103.02730           
17        4.23235   0.66653   -286.78503          104.45898           
18        4.45814   0.70209   -286.80327          93.01236            
19        4.77602   0.75215   -286.80825          89.88329            
20        5.08362   0.80059   -286.81244          87.25952            
21        5.39338   0.84938   -286.81610          84.96018            
22        5.63683   0.88772   -286.82747          77.82835            
23        5.86926   0.92432   -286.83405          73.69938            
24        6.10311   0.96115   -286.84123          69.19095            
25        6.34982   1.00000   -286.84435          67.23561            
