#perp_grad magnitudes
1         0.00000   0.00000   0.00000   
2         0.11303   0.03389   0.04996   
3         0.22517   0.06750   0.05163   
4         0.33988   0.10190   0.05251   
5         0.46103   0.13822   0.15938   
6         0.60761   0.18216   0.14572   
7         0.73097   0.21915   0.05655   
8         0.83196   0.24942   0.03229   
9         0.93364   0.27990   0.03630   
10        1.05489   0.31626   0.06334   
11        1.24506   0.37327   0.11112   
12        1.48052   0.44386   0.07766   
13        1.55908   0.46741   0.05735   
14        1.67241   0.50139   0.05179   
15        1.89060   0.56680   0.05758   
16        2.04159   0.61207   0.06320   
17        2.18507   0.65509   0.04536   
18        2.29134   0.68694   0.05772   
19        2.40114   0.71986   0.06636   
20        2.51780   0.75484   0.05249   
21        2.63536   0.79008   0.05271   
22        2.75307   0.82537   0.04652   
23        2.85529   0.85602   0.09594   
24        2.98201   0.89401   0.11112   
25        3.11776   0.93471   0.06042   
26        3.22414   0.96660   0.04969   
27        3.33555   1.00000   0.00000   
