# Energy profile
1         0.00000   0.00000   -286.85164          0.00000             
2         0.11303   0.03389   -286.85044          0.74782             
3         0.22517   0.06750   -286.84870          1.83980             
4         0.33988   0.10190   -286.84589          3.60907             
5         0.46103   0.13822   -286.84132          6.47309             
6         0.60761   0.18216   -286.83720          9.05708             
7         0.73097   0.21915   -286.82985          13.67420            
8         0.83196   0.24942   -286.82182          18.70898            
9         0.93364   0.27990   -286.81108          25.44746            
10        1.05489   0.31626   -286.80461          29.50897            
11        1.24506   0.37327   -286.81596          22.38436            
12        1.48052   0.44386   -286.82760          15.08336            
13        1.55908   0.46741   -286.83252          11.99677            
14        1.67241   0.50139   -286.83444          10.79224            
15        1.89060   0.56680   -286.83172          12.49587            
16        2.04159   0.61207   -286.83200          12.32002            
17        2.18507   0.65509   -286.83564          10.03934            
18        2.29134   0.68694   -286.84539          3.92215             
19        2.40114   0.71986   -286.85374          -1.31971            
20        2.51780   0.75484   -286.85945          -4.90322            
21        2.63536   0.79008   -286.86414          -7.84442            
22        2.75307   0.82537   -286.86737          -9.87567            
23        2.85529   0.85602   -286.86928          -11.06835           
24        2.98201   0.89401   -286.87100          -12.15241           
25        3.11776   0.93471   -286.87347          -13.70015           
26        3.22414   0.96660   -286.87460          -14.40829           
27        3.33555   1.00000   -286.87551          -14.98026           
