$energy
  -286.924311130445     
$gradient
             0.10871803847742E-03  -0.20618180922521E-03  -0.15753436815719E-04
             0.43116274176247E-05  -0.60285780883462E-04   0.55259811100990E-04
            -0.87460140909962E-05   0.51511896406189E-04  -0.27941190173242E-04
            -0.31568057429793E-04  -0.10482554346566E-03   0.27617629246815E-04
             0.15678900939398E-03   0.87398961425900E-04  -0.69322838350691E-04
            -0.20857443192135E-03   0.64515821971978E-04   0.45643590848701E-04
            -0.13283723814206E-04   0.26379449576328E-04   0.34220195159237E-04
            -0.45751744123870E-05  -0.38512902421350E-05  -0.26782335899324E-04
             0.10639943728172E-04  -0.11777548274305E-04  -0.24873628793054E-05
             0.21479099584498E-05   0.25238050883718E-05   0.66544703462151E-06
            -0.16868487192206E-04  -0.75700197359752E-05   0.54641246869831E-05
             0.44870878991923E-05   0.15670703953564E-03  -0.21523111492481E-04
            -0.34777319430357E-05   0.54549837950474E-05  -0.50605898508638E-05
$end
