$molecule
0 2
C     1.3915629877370574   0.8456298448009064  -0.4532011839708800
C     0.3327596461768574  -1.4191299512407078  -0.0084647961531685
C    -0.9372459130292384  -1.0640392652788220   0.3358374336853205
C    -1.4732362343694219   0.2709984383265819   0.4082704565121269
C    -0.8282364513116579   1.4662632049216211   0.1483439022113492
N     0.4320413586429160   1.7760278672913312  -0.2340189818831833
H     2.3384515022836685   1.2997111233118517  -0.7534589563256785
H     0.5701190180171215  -2.4810445442096949  -0.0122387311527766
H    -1.6288423538402348  -1.8664394923284893   0.5848956409102402
H    -2.5162658084703287   0.3548122936169435   0.7038817878297747
H    -1.4480843328240762   2.3571561805356893   0.2722610443409130
C     1.4094190941270057  -0.5335789133939025  -0.3736495679560941
H     2.3575574871603280  -1.0063667864533026  -0.6184580478479462
$end
