#perp_grad magnitudes
1         0.00000   0.00000   0.00000   
2         0.20390   0.04172   0.05637   
3         0.44364   0.09077   0.06836   
4         0.66991   0.13706   0.07691   
5         0.91633   0.18748   0.11612   
6         1.13325   0.23186   0.07730   
7         1.39565   0.28555   0.11312   
8         1.73516   0.35502   0.11902   
9         1.94298   0.39754   0.09764   
10        2.15918   0.44177   0.07124   
11        2.37058   0.48502   0.04574   
12        2.54216   0.52013   0.03661   
13        2.74078   0.56077   0.02583   
14        2.95119   0.60382   0.05717   
15        3.18760   0.65219   0.03806   
16        3.39108   0.69382   0.05261   
17        3.61036   0.73868   0.05581   
18        3.84302   0.78629   0.22907   
19        4.06747   0.83221   0.04817   
20        4.28505   0.87673   0.10921   
21        4.49401   0.91948   0.04288   
22        4.68482   0.95852   0.16480   
23        4.88757   1.00000   0.00000   
