#perp_grad magnitudes
1         0.00000   0.00000   0.00000   
2         0.19643   0.03219   0.05311   
3         0.38791   0.06357   0.07934   
4         0.59414   0.09736   0.08028   
5         0.79976   0.13106   0.09166   
6         1.02338   0.16770   0.08149   
7         1.23913   0.20306   0.12305   
8         1.45816   0.23895   0.12757   
9         1.73971   0.28509   0.13305   
10        1.94535   0.31878   0.09127   
11        2.12743   0.34862   0.09747   
12        2.40693   0.39442   0.10355   
13        2.67498   0.43835   0.07396   
14        2.88722   0.47313   0.07944   
15        3.05788   0.50109   0.08906   
16        3.25985   0.53419   0.13144   
17        3.49412   0.57258   0.17110   
18        3.96493   0.64973   0.12838   
19        4.21090   0.69004   0.08106   
20        4.40703   0.72218   0.06152   
21        4.60970   0.75539   0.05609   
22        4.82446   0.79058   0.06523   
23        5.04811   0.82723   0.09100   
24        5.28508   0.86607   0.09079   
25        5.49841   0.90102   0.06834   
26        5.69807   0.93374   0.11221   
27        5.91872   0.96990   0.05991   
28        6.10241   1.00000   0.00000   
