13
image # 1 Energy = -286.92435
C 1.57168   0.39893   -0.47759  
C 1.24507   -0.91054  -0.17911  
C -0.02909  -1.43719  0.23934   
C -1.37273  0.68096   0.25091   
C -0.44413  1.62458   -0.14617  
N 0.86582   1.55387   -0.48023  
H 2.61099   0.55543   -0.77493  
H 2.05443   -1.63048  -0.27394  
H -0.06201  -2.50958  0.42100   
H -2.37170  1.06004   0.45265   
H -0.82704  2.64551   -0.21022  
C -1.18234  -0.73598  0.42901   
H -2.05895  -1.29553  0.74927   
13
image # 2 Energy = -286.92167
C 1.54920   0.38828   -0.44504  
C 1.24359   -0.93438  -0.19426  
C -0.03548  -1.47723  0.21414   
C -1.38099  0.70455   0.25934   
C -0.45522  1.64285   -0.17411  
N 0.84322   1.55342   -0.49516  
H 2.59449   0.56956   -0.68334  
H 2.06610   -1.63450  -0.30918  
H -0.03802  -2.58013  0.36590   
H -2.38121  1.08589   0.46028   
H -0.83291  2.66290   -0.26806  
C -1.15173  -0.72240  0.45649   
H -2.03641  -1.25970  0.81370   
13
image # 3 Energy = -286.91693
C 1.53693   0.37468   -0.41199  
C 1.22734   -0.94627  -0.21399  
C -0.03440  -1.51393  0.18920   
C -1.36849  0.70009   0.27258   
C -0.47060  1.66137   -0.20462  
N 0.82071   1.54391   -0.51072  
H 2.58013   0.58005   -0.58002  
H 2.07788   -1.63896  -0.34643  
H -0.02875  -2.61293  0.30823   
H -2.38757  1.10405   0.47048   
H -0.84221  2.68037   -0.33108  
C -1.14259  -0.71664  0.48057   
H -1.99834  -1.21970  0.87818   
13
image # 4 Energy = -286.90899
C 1.51121   0.36656   -0.36883  
C 1.22293   -0.97083  -0.23768  
C -0.02616  -1.55447  0.15660   
C -1.37703  0.70812   0.28756   
C -0.47099  1.66894   -0.23816  
N 0.79175   1.53786   -0.53390  
H 2.56636   0.58988   -0.46659  
H 2.07858   -1.63623  -0.38611  
H -0.02021  -2.65140  0.25085   
H -2.38050  1.11356   0.47930   
H -0.85346  2.69547   -0.39552  
C -1.11890  -0.68572  0.50077   
H -1.96767  -1.18896  0.94825   
13
image # 5 Energy = -286.90248
C 1.50050   0.36234   -0.32805  
C 1.20880   -0.99114  -0.26139  
C -0.01761  -1.55689  0.11703   
C -1.36854  0.70391   0.30205   
C -0.48711  1.68209   -0.27210  
N 0.77572   1.52428   -0.55847  
H 2.55163   0.59693   -0.34223  
H 2.07645   -1.63167  -0.42677  
H -0.02855  -2.67581  0.19600   
H -2.36648  1.10903   0.49646   
H -0.86468  2.69151   -0.46536  
C -1.10314  -0.66223  0.51638   
H -1.93169  -1.16120  1.01906   
13
image # 6 Energy = -286.89653
C 1.48423   0.36082   -0.28287  
C 1.20292   -0.99584  -0.28935  
C -0.02241  -1.57609  0.07675   
C -1.35456  0.70904   0.31161   
C -0.48629  1.67572   -0.31115  
N 0.75273   1.50846   -0.58258  
H 2.53552   0.60404   -0.20317  
H 2.07442   -1.62929  -0.47281  
H -0.04446  -2.67841  0.13742   
H -2.35387  1.09952   0.52165   
H -0.88063  2.68796   -0.54304  
C -1.08856  -0.64577  0.53664   
H -1.88299  -1.13153  1.08837   
13
image # 7 Energy = -286.88795
C 1.46075   0.35690   -0.23648  
C 1.19957   -1.00121  -0.31776  
C -0.02551  -1.59273  0.03997   
C -1.34946  0.71903   0.32045   
C -0.50304  1.67549   -0.34536  
N 0.75520   1.49126   -0.60938  
H 2.50801   0.61003   -0.06827  
H 2.07263   -1.62505  -0.51696  
H -0.06035  -2.68383  0.08313   
H -2.34139  1.09158   0.54496   
H -0.89365  2.67877   -0.61476  
C -1.05853  -0.62399  0.55264   
H -1.83410  -1.10843  1.14968   
13
image # 8 Energy = -286.87784
C 1.43775   0.35295   -0.18526  
C 1.19111   -1.01291  -0.34339  
C -0.01421  -1.60430  -0.00153  
C -1.34204  0.73951   0.32145   
C -0.50338  1.67382   -0.38152  
N 0.74312   1.48336   -0.63379  
H 2.46172   0.61325   0.06522   
H 2.07327   -1.62073  -0.56058  
H -0.07695  -2.70280  0.03311   
H -2.33781  1.08649   0.57065   
H -0.90361  2.66125   -0.68220  
C -1.02775  -0.59378  0.57572   
H -1.77484  -1.08822  1.19837   
13
image # 9 Energy = -286.88340
C 1.42086   0.36362   -0.13775  
C 1.19355   -1.01247  -0.37644  
C -0.02795  -1.58284  -0.04262  
C -1.32437  0.72733   0.32898   
C -0.50238  1.66215   -0.43147  
N 0.74662   1.46834   -0.65270  
H 2.41676   0.62029   0.23785   
H 2.06383   -1.62063  -0.61411  
H -0.12981  -2.67793  -0.02786  
H -2.32200  1.06812   0.62599   
H -0.92381  2.61755   -0.77969  
C -0.99348  -0.57242  0.58365   
H -1.69355  -1.07334  1.25736   
13
image # 10 Energy = -286.86613
C 1.38400   0.37855   -0.09192  
C 1.19658   -1.05199  -0.38681  
C 0.00368   -1.59361  -0.06021  
C -1.32451  0.74915   0.31312   
C -0.51531  1.66028   -0.46167  
N 0.75255   1.45604   -0.65345  
H 2.33399   0.62014   0.34028   
H 2.06655   -1.61852  -0.66176  
H -0.14771  -2.69523  -0.06613  
H -2.31980  1.08351   0.65054   
H -0.92937  2.60838   -0.83055  
C -0.96113  -0.54969  0.60069   
H -1.61695  -1.05870  1.27503   
13
image # 11 Energy = -286.85201
C 1.33352   0.35774   -0.06284  
C 1.20411   -1.06747  -0.39671  
C 0.03174   -1.61462  -0.07080  
C -1.32474  0.76500   0.29779   
C -0.52716  1.67339   -0.48610  
N 0.74263   1.44983   -0.64898  
H 2.26025   0.61550   0.42833   
H 2.08062   -1.61717  -0.70334  
H -0.16275  -2.71804  -0.08688  
H -2.32061  1.08723   0.65210   
H -0.92930  2.61253   -0.86022  
C -0.91841  -0.50677  0.60998   
H -1.54851  -1.04860  1.29137   
13
image # 12 Energy = -286.86185
C 1.32674   0.35194   -0.04248  
C 1.22787   -1.07289  -0.43163  
C 0.02339   -1.57152  -0.09653  
C -1.32302  0.74787   0.27138   
C -0.54277  1.66496   -0.51571  
N 0.73530   1.44257   -0.63939  
H 2.18013   0.61210   0.57027   
H 2.08911   -1.63459  -0.75297  
H -0.26052  -2.64998  -0.09685  
H -2.29942  1.05000   0.67747   
H -0.94795  2.59237   -0.91681  
C -0.85912  -0.50376  0.59363   
H -1.42837  -1.04276  1.34078   
13
image # 13 Energy = -286.85146
C 1.32286   0.34452   -0.03142  
C 1.24287   -1.08084  -0.46821  
C 0.02119   -1.52537  -0.11838  
C -1.33871  0.72252   0.23531   
C -0.55659  1.65134   -0.53948  
N 0.73390   1.43117   -0.62294  
H 2.09019   0.59907   0.69075   
H 2.10813   -1.65556  -0.80456  
H -0.34361  -2.57212  -0.09427  
H -2.28557  1.01885   0.67104   
H -0.95740  2.58470   -0.94311  
C -0.81078  -0.51713  0.57969   
H -1.30515  -1.01682  1.40454   
13
image # 14 Energy = -286.84083
C 1.28010   0.32923   -0.02345  
C 1.24757   -1.10286  -0.49880  
C 0.03766   -1.52497  -0.12923  
C -1.34577  0.71243   0.19514   
C -0.56328  1.64147   -0.53263  
N 0.72701   1.40803   -0.61968  
H 1.99489   0.56822   0.75624   
H 2.14051   -1.66110  -0.84069  
H -0.35680  -2.55501  -0.08379  
H -2.31130  1.01105   0.62048   
H -0.94845  2.61832   -0.91990  
C -0.76726  -0.49169  0.57587   
H -1.21258  -0.96947  1.45801   
13
image # 15 Energy = -286.82796
C 1.20178   0.29647   0.00502   
C 1.26351   -1.12561  -0.52499  
C 0.05598   -1.53881  -0.15540  
C -1.35977  0.73750   0.18789   
C -0.56017  1.68998   -0.50853  
N 0.70736   1.38095   -0.64681  
H 1.97274   0.54669   0.76459   
H 2.16890   -1.66709  -0.82518  
H -0.36515  -2.56315  -0.06751  
H -2.34021  0.99765   0.58579   
H -0.94578  2.63892   -0.89937  
C -0.70179  -0.47025  0.58442   
H -1.17394  -0.93995  1.45671   
13
image # 16 Energy = -286.81701
C 1.13335   0.26933   0.02604   
C 1.27556   -1.15870  -0.53684  
C 0.06603   -1.58487  -0.18289  
C -1.36024  0.77964   0.18970   
C -0.56147  1.74558   -0.48221  
N 0.68570   1.38232   -0.66311  
H 1.95066   0.53402   0.72839   
H 2.19137   -1.66114  -0.78272  
H -0.35208  -2.62125  -0.03055  
H -2.37986  0.98525   0.54653   
H -0.94020  2.67945   -0.86128  
C -0.63100  -0.42476  0.58156   
H -1.15205  -0.94159  1.42367   
13
image # 17 Energy = -286.81216
C 1.06539   0.24286   0.03038   
C 1.27509   -1.17462  -0.53329  
C 0.07959   -1.65198  -0.20116  
C -1.35675  0.81943   0.20664   
C -0.55933  1.78941   -0.45783  
N 0.67130   1.39906   -0.67146  
H 1.92891   0.52696   0.67281   
H 2.21264   -1.66001  -0.73884  
H -0.34326  -2.68822  0.02176   
H -2.40766  0.95335   0.49935   
H -0.93839  2.73213   -0.81077  
C -0.57461  -0.34696  0.59425   
H -1.12346  -0.95577  1.34462   
13
image # 18 Energy = -286.78535
C 1.05463   0.25505   0.04114   
C 1.22004   -1.15545  -0.45954  
C 0.11563   -1.81382  -0.16324  
C -1.35422  0.86671   0.27594   
C -0.53096  1.79311   -0.45713  
N 0.68967   1.42881   -0.68768  
H 2.00384   0.55201   0.54685   
H 2.17313   -1.60310  -0.71133  
H -0.15645  -2.87355  -0.03173  
H -2.41066  1.02838   0.49915   
H -0.91165  2.74796   -0.80482  
C -0.66981  -0.25460  0.68286   
H -1.28913  -0.98355  1.22593   
13
image # 19 Energy = -286.75979
C 1.00600   0.24081   0.07053   
C 1.19768   -1.15880  -0.43291  
C 0.14770   -1.91081  -0.15223  
C -1.36083  0.90156   0.29807   
C -0.51949  1.79768   -0.46032  
N 0.69285   1.42280   -0.69647  
H 1.98406   0.54819   0.53539   
H 2.16084   -1.56023  -0.72009  
H -0.03995  -2.98054  -0.08305  
H -2.41691  1.08019   0.48324   
H -0.88867  2.76473   -0.81584  
C -0.69320  -0.19064  0.72798   
H -1.32808  -0.96708  1.20077   
13
image # 20 Energy = -286.77120
C 0.95126   0.21804   0.10358   
C 1.18262   -1.16860  -0.41888  
C 0.18066   -1.98030  -0.15341  
C -1.36852  0.92542   0.30477   
C -0.51989  1.81135   -0.46807  
N 0.69371   1.40674   -0.70067  
H 1.92778   0.53358   0.55616   
H 2.16315   -1.52578  -0.73946  
H 0.04055   -3.05362  -0.12483  
H -2.42348  1.12067   0.46515   
H -0.86633  2.77656   -0.82757  
C -0.68980  -0.13590  0.75442   
H -1.32068  -0.94006  1.20289   
13
image # 21 Energy = -286.78705
C 0.90096   0.19808   0.13748   
C 1.17029   -1.17310  -0.40818  
C 0.20977   -2.03559  -0.16331  
C -1.37386  0.95037   0.30456   
C -0.50576  1.80790   -0.48829  
N 0.68349   1.38475   -0.69790  
H 1.86715   0.51687   0.61047   
H 2.15888   -1.48397  -0.77039  
H 0.11539   -3.10923  -0.18770  
H -2.42517  1.16655   0.46587   
H -0.84545  2.76958   -0.86539  
C -0.68827  -0.09790  0.78087   
H -1.30825  -0.90568  1.23546   
13
image # 22 Energy = -286.80148
C 0.85488   0.18086   0.16253   
C 1.16016   -1.17618  -0.39861  
C 0.23937   -2.08323  -0.17837  
C -1.37283  0.97551   0.30042   
C -0.50557  1.79849   -0.50598  
N 0.68524   1.35021   -0.69261  
H 1.81112   0.49839   0.67635   
H 2.14537   -1.43480  -0.80099  
H 0.19314   -3.16003  -0.26110  
H -2.42508  1.21851   0.47386   
H -0.82281  2.75354   -0.91286  
C -0.69759  -0.06371  0.80152   
H -1.29826  -0.86822  1.28913   
13
image # 23 Energy = -286.81487
C 0.81673   0.16288   0.19143   
C 1.14714   -1.18194  -0.39092  
C 0.27254   -2.12599  -0.19794  
C -1.39678  1.00194   0.30418   
C -0.49949  1.79063   -0.52811  
N 0.68816   1.31357   -0.68668  
H 1.74557   0.47506   0.74593   
H 2.12705   -1.38183  -0.82946  
H 0.26768   -3.20519  -0.33832  
H -2.41093  1.26693   0.48182   
H -0.80129  2.73470   -0.96630  
C -0.70106  -0.03389  0.81772   
H -1.28057  -0.82564  1.35083   
13
image # 24 Energy = -286.82589
C 0.78875   0.14161   0.22831   
C 1.13807   -1.17459  -0.38484  
C 0.29670   -2.18673  -0.21911  
C -1.39626  1.01379   0.31073   
C -0.48966  1.77543   -0.55013  
N 0.68657   1.28242   -0.68770  
H 1.67891   0.44723   0.81771   
H 2.10514   -1.32444  -0.85661  
H 0.34536   -3.23531  -0.42196  
H -2.41239  1.32553   0.49680   
H -0.77813  2.71266   -1.02810  
C -0.71984  -0.01056  0.82887   
H -1.26081  -0.77424  1.42376   
13
image # 25 Energy = -286.83619
C 0.74463   0.12169   0.25717   
C 1.11423   -1.18699  -0.37666  
C 0.33289   -2.22193  -0.24283  
C -1.39228  1.04057   0.31120   
C -0.48789  1.76855   -0.56814  
N 0.69118   1.25894   -0.69010  
H 1.61325   0.42093   0.88875   
H 2.08970   -1.27504  -0.87948  
H 0.40517   -3.26647  -0.49397  
H -2.41970  1.36858   0.50960   
H -0.75786  2.68921   -1.08266  
C -0.72026  0.00117   0.84981   
H -1.22444  -0.72464  1.48200   
13
image # 26 Energy = -286.84235
C 0.70193   0.10792   0.27159   
C 1.10941   -1.18781  -0.37391  
C 0.35610   -2.27379  -0.26411  
C -1.40273  1.07396   0.31971   
C -0.48471  1.76699   -0.58753  
N 0.69843   1.23654   -0.69233  
H 1.55252   0.39482   0.95913   
H 2.06718   -1.22851  -0.89453  
H 0.45675   -3.29307  -0.55973  
H -2.41888  1.40059   0.51945   
H -0.73888  2.66202   -1.13093  
C -0.71689  0.02130   0.86166   
H -1.18723  -0.68546  1.54318   
13
image # 27 Energy = -286.84811
C 0.68121   0.10036   0.28200   
C 1.08954   -1.20643  -0.36811  
C 0.39142   -2.30894  -0.28672  
C -1.40098  1.10021   0.33688   
C -0.47053  1.75338   -0.60356  
N 0.69133   1.21369   -0.68917  
H 1.47441   0.36208   1.02955   
H 2.04204   -1.17641  -0.90633  
H 0.51269   -3.33111  -0.63458  
H -2.41760  1.43217   0.53111   
H -0.71986  2.63668   -1.18712  
C -0.73556  0.06735   0.86676   
H -1.14105  -0.64507  1.61218   
13
image # 28 Energy = -286.85055
C 0.64963   0.08390   0.29792   
C 1.07956   -1.21425  -0.36040  
C 0.42225   -2.34867  -0.30964  
C -1.39787  1.12927   0.34226   
C -0.47053  1.75170   -0.61382  
N 0.68919   1.19046   -0.67614  
H 1.39403   0.33285   1.07470   
H 2.02232   -1.13992  -0.91502  
H 0.55134   -3.35482  -0.68822  
H -2.41448  1.45079   0.53865   
H -0.70650  2.61715   -1.23220  
C -0.73212  0.10091   0.89764   
H -1.08682  -0.59938  1.64426   
