# Energy profile
1         0.00000   0.00000   -286.92435          0.00000             
2         0.19643   0.03219   -286.92167          1.68155             
3         0.38791   0.06357   -286.91693          4.65276             
4         0.59414   0.09736   -286.90899          9.63550             
5         0.79976   0.13106   -286.90248          13.72406            
6         1.02338   0.16770   -286.89653          17.45665            
7         1.23913   0.20306   -286.88795          22.83692            
8         1.45816   0.23895   -286.87784          29.18284            
9         1.73971   0.28509   -286.88340          25.69503            
10        1.94535   0.31878   -286.86613          36.52896            
11        2.12743   0.34862   -286.85201          45.39448            
12        2.40693   0.39442   -286.86185          39.21502            
13        2.67498   0.43835   -286.85146          45.73550            
14        2.88722   0.47313   -286.84083          52.40492            
15        3.05788   0.50109   -286.82796          60.48679            
16        3.25985   0.53419   -286.81701          67.35386            
17        3.49412   0.57258   -286.81216          70.39687            
18        3.96493   0.64973   -286.78535          87.22207            
19        4.21090   0.69004   -286.75979          103.25956           
20        4.40703   0.72218   -286.77120          96.10319            
21        4.60970   0.75539   -286.78705          86.15501            
22        4.82446   0.79058   -286.80148          77.10307            
23        5.04811   0.82723   -286.81487          68.69982            
24        5.28508   0.86607   -286.82589          61.78284            
25        5.49841   0.90102   -286.83619          55.31793            
26        5.69807   0.93374   -286.84235          51.45453            
27        5.91872   0.96990   -286.84811          47.84023            
28        6.10241   1.00000   -286.85055          46.30684            
