$energy
  -286.730226152488     
$gradient
            -0.12390074748847E-04   0.93549087451933E-05   0.76906333486178E-05
             0.42934126856485E-05  -0.17764724197511E-05   0.24892219927242E-05
            -0.19946893449543E-05  -0.18157175846190E-06  -0.28332971989953E-05
             0.12300763227030E-05  -0.45340732268140E-05  -0.89293013137842E-05
            -0.60169618514017E-06  -0.25308330207363E-05  -0.34532337589988E-05
             0.82046086538161E-05   0.91103809743975E-05  -0.60785408684261E-06
            -0.22088341820603E-05   0.86346414030561E-05   0.13197595141068E-04
             0.53092804096315E-05   0.26989268778199E-06   0.65959164303880E-05
            -0.93328917656690E-05   0.33762790833738E-05  -0.51435639494557E-05
             0.97563089246355E-06  -0.96986057213436E-05  -0.16089462871099E-04
             0.18258180821337E-05  -0.62170502315162E-05  -0.96112233749363E-05
             0.35983594560141E-05  -0.12628733557368E-04   0.83706068481487E-05
             0.10909978837015E-05   0.68212396064637E-05   0.83239461552836E-05
$end
