#perp_grad magnitudes
1         0.00000   0.00000   -nan      
2         0.35820   0.03135   0.19516   
3         0.69046   0.06043   0.15686   
4         1.05623   0.09244   0.13809   
5         1.39827   0.12238   0.11553   
6         1.76382   0.15437   0.11752   
7         2.14245   0.18751   0.12377   
8         2.49052   0.21797   0.10989   
9         2.85019   0.24945   0.11182   
10        3.18791   0.27901   0.09534   
11        3.57795   0.31315   0.08139   
12        3.94527   0.34529   0.07585   
13        4.27795   0.37441   0.06770   
14        4.60515   0.40305   0.05427   
15        4.94693   0.43296   0.05692   
16        5.30959   0.46470   0.06754   
17        5.66835   0.49610   0.08229   
18        5.98747   0.52403   0.12290   
19        6.32767   0.55381   0.06222   
20        6.67663   0.58435   0.06500   
21        7.04548   0.61663   0.05894   
22        7.43806   0.65099   0.06576   
23        7.77538   0.68051   0.07851   
24        8.16755   0.71483   0.06619   
25        8.52587   0.74619   0.05681   
26        8.92849   0.78143   0.07369   
27        9.34734   0.81809   0.07761   
28        9.71548   0.85031   0.09538   
29        10.07306  0.88161   0.06818   
30        10.40807  0.91093   0.05744   
31        10.75686  0.94145   0.09994   
32        11.09958  0.97145   0.11647   
33        11.42580  1.00000   -nan      
