#perp_grad magnitudes
1         0.00000   0.00000   0.00000   
2         0.25779   0.02423   0.11965   
3         0.49446   0.04647   0.09065   
4         0.73746   0.06931   0.10141   
5         1.05395   0.09906   0.10037   
6         1.33937   0.12589   0.11061   
7         1.77812   0.16712   0.12292   
8         2.32213   0.21825   0.10032   
9         2.77526   0.26084   0.08045   
10        3.07482   0.28900   0.11525   
11        3.61037   0.33933   0.15567   
12        3.89325   0.36592   0.18012   
13        4.25739   0.40015   0.21616   
14        4.54883   0.42754   0.18747   
15        4.78526   0.44976   0.17906   
16        5.01293   0.47116   0.15484   
17        5.28421   0.49666   0.12064   
18        5.57799   0.52427   0.07629   
19        6.00127   0.56405   0.10165   
20        6.31798   0.59382   0.09842   
21        6.58243   0.61867   0.08150   
22        6.83895   0.64278   0.09111   
23        7.09362   0.66672   0.07190   
24        7.35245   0.69105   0.06018   
25        7.64419   0.71847   0.05775   
26        7.98079   0.75010   0.06900   
27        8.28333   0.77854   0.08164   
28        8.59930   0.80824   0.13009   
29        8.91084   0.83752   0.12899   
30        9.16728   0.86162   0.10688   
31        9.41152   0.88457   0.07322   
32        9.65196   0.90717   0.07105   
33        9.91265   0.93167   0.11962   
34        10.15737  0.95468   0.14644   
35        10.40628  0.97807   0.27534   
36        10.63961  1.00000   0.00000   
