# Energy profile
1         0.00000   0.00000   -286.92434          0.00000             
2         0.25779   0.02423   -286.91489          5.93080             
3         0.49446   0.04647   -286.89816          16.43179            
4         0.73746   0.06931   -286.87829          28.90145            
5         1.05395   0.09906   -286.86049          40.06734            
6         1.33937   0.12589   -286.85366          44.35249            
7         1.77812   0.16712   -286.85767          41.83976            
8         2.32213   0.21825   -286.85994          40.41105            
9         2.77526   0.26084   -286.83195          57.97787            
10        3.07482   0.28900   -286.82970          59.38888            
11        3.61037   0.33933   -286.79701          79.90506            
12        3.89325   0.36592   -286.76995          96.88374            
13        4.25739   0.40015   -286.74286          113.88058           
14        4.54883   0.42754   -286.70353          138.56227           
15        4.78526   0.44976   -286.68028          153.15177           
16        5.01293   0.47116   -286.66785          160.95344           
17        5.28421   0.49666   -286.67970          153.51841           
18        5.57799   0.52427   -286.68417          150.70907           
19        6.00127   0.56405   -286.68175          152.23146           
20        6.31798   0.59382   -286.65567          168.59241           
21        6.58243   0.61867   -286.66024          165.72742           
22        6.83895   0.64278   -286.66805          160.82583           
23        7.09362   0.66672   -286.67402          157.08206           
24        7.35245   0.69105   -286.67975          153.48338           
25        7.64419   0.71847   -286.68387          150.89968           
26        7.98079   0.75010   -286.67988          153.40339           
27        8.28333   0.77854   -286.67322          157.58374           
28        8.59930   0.80824   -286.66856          160.50797           
29        8.91084   0.83752   -286.66195          164.65288           
30        9.16728   0.86162   -286.66781          160.97565           
31        9.41152   0.88457   -286.68001          153.32384           
32        9.65196   0.90717   -286.69368          144.74116           
33        9.91265   0.93167   -286.70497          137.65946           
34        10.15737  0.95468   -286.71344          132.34123           
35        10.40628  0.97807   -286.71899          128.85876           
36        10.63961  1.00000   -286.72396          125.74349           
