#perp_grad magnitudes
1         0.00000   0.00000   0.00000   
2         0.22050   0.03379   0.07133   
3         0.43321   0.06638   0.07782   
4         0.66270   0.10155   0.08942   
5         0.91043   0.13950   0.09026   
6         1.14424   0.17533   0.07665   
7         1.38081   0.21158   0.06950   
8         1.59512   0.24442   0.06863   
9         1.87519   0.28733   0.07035   
10        2.14890   0.32927   0.16516   
11        2.56979   0.39377   0.27564   
12        2.82035   0.43216   0.18893   
13        3.01890   0.46258   0.15691   
14        3.23679   0.49597   0.12277   
15        3.45636   0.52961   0.07598   
16        3.65773   0.56047   0.09969   
17        3.91103   0.59928   0.09896   
18        4.12291   0.63175   0.09539   
19        4.40466   0.67492   0.14337   
20        4.69583   0.71954   0.13899   
21        4.91965   0.75383   0.11499   
22        5.14890   0.78896   0.10048   
23        5.38074   0.82448   0.11246   
24        5.64070   0.86432   0.10151   
25        5.88168   0.90124   0.07574   
26        6.12937   0.93920   0.07163   
27        6.33714   0.97103   0.07511   
28        6.52618   1.00000   0.00000   
