# Energy profile
1         0.00000   0.00000   -286.85678          0.00000             
2         0.22050   0.03379   -286.85179          3.13179             
3         0.43321   0.06638   -286.84194          9.31087             
4         0.66270   0.10155   -286.83080          16.30107            
5         0.91043   0.13950   -286.81321          27.34070            
6         1.14424   0.17533   -286.79353          39.68911            
7         1.38081   0.21158   -286.76845          55.42580            
8         1.59512   0.24442   -286.74359          71.02600            
9         1.87519   0.28733   -286.72579          82.19369            
10        2.14890   0.32927   -286.73262          77.90983            
11        2.56979   0.39377   -286.75639          62.99693            
12        2.82035   0.43216   -286.78134          47.33774            
13        3.01890   0.46258   -286.79296          40.04493            
14        3.23679   0.49597   -286.81480          26.34124            
15        3.45636   0.52961   -286.82944          17.15150            
16        3.65773   0.56047   -286.84484          7.49248             
17        3.91103   0.59928   -286.85330          2.18327             
18        4.12291   0.63175   -286.86900          -7.66872            
19        4.40466   0.67492   -286.87457          -11.16558           
20        4.69583   0.71954   -286.88008          -14.62159           
21        4.91965   0.75383   -286.89044          -21.12484           
22        5.14890   0.78896   -286.89890          -26.42959           
23        5.38074   0.82448   -286.90507          -30.30547           
24        5.64070   0.86432   -286.91175          -34.49880           
25        5.88168   0.90124   -286.91592          -37.11382           
26        6.12937   0.93920   -286.91894          -39.00690           
27        6.33714   0.97103   -286.92190          -40.86211           
28        6.52618   1.00000   -286.92432          -42.38315           
