#perp_grad magnitudes
1         0.00000   0.00000   0.00000   
2         0.12721   0.03896   0.20605   
3         0.27223   0.08337   0.03843   
4         0.39961   0.12239   0.05129   
5         0.53077   0.16255   0.04099   
6         0.66558   0.20384   0.05365   
7         0.81083   0.24833   0.10474   
8         1.00479   0.30773   0.17158   
9         1.14544   0.35081   0.11665   
10        1.27213   0.38961   0.08412   
11        1.40848   0.43136   0.07642   
12        1.55829   0.47725   0.09686   
13        1.71052   0.52387   0.08214   
14        1.82358   0.55849   0.12021   
15        1.96426   0.60158   0.04030   
16        2.09302   0.64101   0.02806   
17        2.21252   0.67761   0.08335   
18        2.36820   0.72529   0.03500   
19        2.48835   0.76209   0.02924   
20        2.62108   0.80274   0.05532   
21        2.74515   0.84073   0.02629   
22        2.89549   0.88678   0.07429   
23        3.01632   0.92379   0.05008   
24        3.13629   0.96053   0.08211   
25        3.26518   1.00000   0.00000   
