13
image # 1 Energy = -286.82496
C 1.31198   0.30246   0.24185   
C 0.60678   -1.00073  -0.18273  
C -0.68800  -0.46527  -0.84427  
C -1.07826  0.19103   0.45065   
C -0.51918  1.05940   -0.69249  
N 0.82905   1.42317   -0.47140  
H 2.34857   0.28927   0.56033   
H 1.12220   -1.93518  -0.37455  
H -1.29510  -0.93642  -1.60917  
H -2.05245  0.33603   0.90403   
H -1.16541  1.74208   -1.23318  
C 0.21679   -0.34454  1.11217   
H 0.36302   -0.66130  2.13876   
13
image # 2 Energy = -286.82262
C 1.33467   0.31400   0.23702   
C 0.61644   -1.01120  -0.19682  
C -0.68429  -0.47753  -0.85156  
C -1.10263  0.20525   0.47989   
C -0.51868  1.06966   -0.69603  
N 0.82590   1.42428   -0.47497  
H 2.36140   0.30954   0.52494   
H 1.13059   -1.91861  -0.35784  
H -1.27492  -0.95580  -1.60108  
H -2.03421  0.37770   0.91951   
H -1.16853  1.73060   -1.23421  
C 0.20734   -0.34652  1.12594   
H 0.30946   -0.72313  2.11946   
13
image # 3 Energy = -286.82094
C 1.33354   0.31650   0.21891   
C 0.62562   -0.98035  -0.17576  
C -0.68915  -0.46808  -0.83662  
C -1.08206  0.22212   0.46392   
C -0.52556  1.05184   -0.68572  
N 0.82803   1.43082   -0.47791  
H 2.38817   0.33238   0.49104   
H 1.14942   -1.91857  -0.34386  
H -1.25564  -0.97928  -1.59570  
H -2.04515  0.42905   0.95334   
H -1.17279  1.72166   -1.23815  
C 0.20069   -0.36724  1.11146   
H 0.24996   -0.79405  2.10421   
13
image # 4 Energy = -286.81672
C 1.35231   0.32553   0.20786   
C 0.62157   -0.97348  -0.17515  
C -0.67985  -0.46209  -0.82205  
C -1.09033  0.22615   0.47345   
C -0.52405  1.05285   -0.68299  
N 0.82431   1.43013   -0.47948  
H 2.40376   0.35441   0.45719   
H 1.16297   -1.90504  -0.32732  
H -1.24058  -1.00389  -1.59200  
H -2.02917  0.47479   0.97274   
H -1.17705  1.70980   -1.24076  
C 0.19160   -0.36962  1.10800   
H 0.19033   -0.86356  2.08594   
13
image # 5 Energy = -286.81111
C 1.35571   0.33889   0.18811   
C 0.62495   -0.96145  -0.17412  
C -0.68124  -0.47306  -0.82545  
C -1.08231  0.23515   0.48649   
C -0.52005  1.05125   -0.67668  
N 0.82645   1.43062   -0.47911  
H 2.42751   0.37640   0.42622   
H 1.17408   -1.89132  -0.31061  
H -1.22155  -1.02132  -1.57742  
H -2.01713  0.51975   0.99291   
H -1.18297  1.69943   -1.24482  
C 0.17326   -0.37760  1.12146   
H 0.12958   -0.93148  2.05664   
13
image # 6 Energy = -286.80462
C 1.38774   0.35136   0.15770   
C 0.63819   -0.93922  -0.15237  
C -0.67559  -0.47328  -0.81687  
C -1.07550  0.25318   0.48895   
C -0.52991  1.04164   -0.67287  
N 0.83075   1.43967   -0.47805  
H 2.43427   0.39451   0.39675   
H 1.17993   -1.87558  -0.29416  
H -1.21745  -1.04224  -1.57167  
H -1.99961  0.55641   1.00707   
H -1.18506  1.68808   -1.24385  
C 0.14552   -0.40205  1.13289   
H 0.07213   -0.99706  2.02890   
13
image # 7 Energy = -286.80314
C 1.40889   0.38474   0.08025   
C 0.65685   -0.92030  -0.12621  
C -0.66640  -0.46944  -0.81371  
C -1.08653  0.27218   0.50473   
C -0.52032  1.03657   -0.67188  
N 0.83927   1.43615   -0.46677  
H 2.45531   0.40822   0.38258   
H 1.18201   -1.86136  -0.27928  
H -1.21607  -1.05635  -1.56005  
H -1.98725  0.57540   1.01353   
H -1.18620  1.67827   -1.23909  
C 0.10114   -0.43477  1.13468   
H 0.02231   -1.05317  2.02322   
13
image # 8 Energy = -286.81474
C 1.45844   0.42081   -0.04502  
C 0.67586   -0.89123  -0.09489  
C -0.65560  -0.46234  -0.81641  
C -1.08862  0.28038   0.51845   
C -0.50484  1.03170   -0.67322  
N 0.84839   1.44216   -0.45120  
H 2.47471   0.41992   0.37761   
H 1.17923   -1.84547  -0.26284  
H -1.22051  -1.06262  -1.54199  
H -1.98412  0.57956   1.01274   
H -1.18433  1.66964   -1.22958  
C 0.02448   -0.48381  1.15606   
H -0.02277  -1.10218  2.03307   
13
image # 9 Energy = -286.82125
C 1.49381   0.41704   -0.10858  
C 0.68986   -0.86730  -0.08097  
C -0.64309  -0.46226  -0.81688  
C -1.08162  0.29473   0.54368   
C -0.49648  1.02719   -0.67102  
N 0.84493   1.46598   -0.45304  
H 2.49589   0.43809   0.35899   
H 1.18016   -1.82849  -0.24694  
H -1.21507  -1.07175  -1.52215  
H -1.98771  0.59519   1.01586   
H -1.18418  1.66147   -1.22585  
C -0.02353  -0.51464  1.16202   
H -0.07602  -1.15809  2.02861   
13
image # 10 Energy = -286.82272
C 1.52232   0.42701   -0.15229  
C 0.70178   -0.85239  -0.08798  
C -0.61823  -0.46142  -0.80973  
C -1.06812  0.32205   0.57480   
C -0.50287  1.02379   -0.66674  
N 0.86082   1.46882   -0.45948  
H 2.51013   0.45535   0.33422   
H 1.18065   -1.81605  -0.23384  
H -1.20924  -1.07743  -1.49976  
H -2.01598  0.60039   1.01480   
H -1.18085  1.65613   -1.22029  
C -0.06609  -0.55152  1.16945   
H -0.12269  -1.19701  2.02179   
13
image # 11 Energy = -286.82025
C 1.55340   0.42996   -0.17634  
C 0.69887   -0.83480  -0.08565  
C -0.59320  -0.45756  -0.81483  
C -1.05838  0.35857   0.61374   
C -0.49247  1.01374   -0.64411  
N 0.86956   1.47433   -0.48089  
H 2.52356   0.47648   0.29415   
H 1.18527   -1.80937  -0.22259  
H -1.19879  -1.07883  -1.46542  
H -2.04516  0.59297   0.99916   
H -1.18320  1.65728   -1.21797  
C -0.09810  -0.58452  1.17295   
H -0.17645  -1.24003  2.01341   
13
image # 12 Energy = -286.81451
C 1.55066   0.41923   -0.17697  
C 0.70768   -0.84996  -0.07206  
C -0.54946  -0.43346  -0.83787  
C -1.03337  0.39951   0.66386   
C -0.51259  1.02493   -0.63408  
N 0.87532   1.48152   -0.50862  
H 2.55276   0.49771   0.25034   
H 1.19232   -1.80408  -0.21482  
H -1.19008  -1.08701  -1.43223  
H -2.08011  0.58054   0.98341   
H -1.17053  1.64306   -1.20053  
C -0.13594  -0.60130  1.16720   
H -0.22695  -1.27266  1.99760   
13
image # 13 Energy = -286.81742
C 1.54013   0.42603   -0.15365  
C 0.71111   -0.84756  -0.08687  
C -0.52281  -0.45501  -0.88475  
C -1.03403  0.46038   0.69328   
C -0.52471  0.99959   -0.62863  
N 0.86388   1.46690   -0.47674  
H 2.53418   0.47722   0.28524   
H 1.19960   -1.82564  -0.22379  
H -1.19019  -1.10297  -1.44012  
H -2.07028  0.59585   1.01861   
H -1.17986  1.63920   -1.21172  
C -0.16137  -0.60915  1.11453   
H -0.18788  -1.22710  1.97937   
13
image # 14 Energy = -286.78892
C 1.55591   0.43168   -0.16772  
C 0.72348   -0.84239  -0.10051  
C -0.52188  -0.46789  -0.83150  
C -1.02248  0.52550   0.72490   
C -0.53587  0.98643   -0.62660  
N 0.86519   1.46478   -0.48425  
H 2.53694   0.47978   0.28404   
H 1.19966   -1.82381  -0.21953  
H -1.18519  -1.10196  -1.43292  
H -2.08695  0.58718   1.00144   
H -1.17379  1.63675   -1.21311  
C -0.17611  -0.63761  1.09171   
H -0.20153  -1.24098  1.95784   
13
image # 15 Energy = -286.78343
C 1.55274   0.42735   -0.16441  
C 0.75562   -0.83685  -0.11433  
C -0.53115  -0.52176  -0.78865  
C -1.02217  0.58784   0.77710   
C -0.54147  0.98092   -0.62131  
N 0.86492   1.46552   -0.47921  
H 2.53594   0.47687   0.29984   
H 1.19638   -1.81831  -0.22278  
H -1.17880  -1.11079  -1.44179  
H -2.07369  0.58695   0.99980   
H -1.17084  1.63660   -1.22004  
C -0.20587  -0.63075  1.02282   
H -0.20296  -1.24576  1.93548   
13
image # 16 Energy = -286.79560
C 1.55548   0.43230   -0.16777  
C 0.76948   -0.83104  -0.11518  
C -0.53790  -0.55146  -0.75550  
C -0.99436  0.63375   0.81715   
C -0.54006  0.98371   -0.60423  
N 0.85799   1.46301   -0.47658  
H 2.54061   0.48458   0.30375   
H 1.20453   -1.81770  -0.22565  
H -1.16337  -1.13303  -1.43640  
H -2.06708  0.59987   1.01196   
H -1.16656  1.62329   -1.22595  
C -0.25189  -0.63175  0.97591   
H -0.22612  -1.25569  1.88110   
13
image # 17 Energy = -286.80376
C 1.55343   0.43580   -0.16703  
C 0.78050   -0.82039  -0.11446  
C -0.53337  -0.56363  -0.73728  
C -0.98978  0.66707   0.84102   
C -0.53522  0.96737   -0.58362  
N 0.85340   1.46173   -0.47686  
H 2.54982   0.49835   0.29034   
H 1.22102   -1.82107  -0.21891  
H -1.14154  -1.15310  -1.43562  
H -2.05197  0.63660   1.04174   
H -1.17123  1.61564   -1.23178  
C -0.28489  -0.64600  0.94571   
H -0.26788  -1.27597  1.83124   
13
image # 18 Energy = -286.81150
C 1.55115   0.44243   -0.14651  
C 0.79518   -0.83149  -0.11107  
C -0.53605  -0.57855  -0.72775  
C -0.97473  0.66757   0.84696   
C -0.55218  0.97460   -0.58898  
N 0.84670   1.45965   -0.47881  
H 2.56194   0.51744   0.25759   
H 1.24713   -1.81572  -0.20019  
H -1.10409  -1.17000  -1.44759  
H -2.03838  0.70516   1.10156   
H -1.17323  1.59763   -1.22787  
C -0.30881  -0.64473  0.92265   
H -0.33160  -1.31973  1.78597   
13
image # 19 Energy = -286.81817
C 1.55289   0.44640   -0.15257  
C 0.80427   -0.82542  -0.10201  
C -0.52707  -0.58952  -0.72146  
C -0.96918  0.67964   0.86192   
C -0.55130  0.96854   -0.57995  
N 0.84147   1.46083   -0.48163  
H 2.57669   0.53310   0.23089   
H 1.26376   -1.81036  -0.18061  
H -1.07907  -1.18359  -1.44962  
H -2.02473  0.74790   1.13896   
H -1.17870  1.58922   -1.22631  
C -0.33814  -0.65986  0.90549   
H -0.38690  -1.35179  1.74452   
13
image # 20 Energy = -286.82378
C 1.56484   0.45957   -0.15777  
C 0.81011   -0.82896  -0.08811  
C -0.51244  -0.59128  -0.71165  
C -0.96667  0.68413   0.87434   
C -0.55181  0.95952   -0.56942  
N 0.84024   1.46134   -0.48708  
H 2.58547   0.54844   0.19434   
H 1.27984   -1.79986  -0.15413  
H -1.05421  -1.20039  -1.45334  
H -2.00691  0.79180   1.17864   
H -1.18570  1.58156   -1.22193  
C -0.36732  -0.66912  0.88265   
H -0.45006  -1.39135  1.70301   
13
image # 21 Energy = -286.82829
C 1.56404   0.46123   -0.15880  
C 0.81874   -0.81472  -0.07281  
C -0.50886  -0.60153  -0.71468  
C -0.96400  0.68316   0.88088   
C -0.55629  0.96218   -0.56780  
N 0.84038   1.46595   -0.49474  
H 2.59922   0.56320   0.15849   
H 1.29723   -1.79828  -0.12670  
H -1.02646  -1.20950  -1.45006  
H -1.98978  0.83175   1.21600   
H -1.18887  1.57023   -1.21260  
C -0.38842  -0.68168  0.87493   
H -0.51016  -1.42707  1.65926   
13
image # 22 Energy = -286.83145
C 1.55778   0.47262   -0.15735  
C 0.83545   -0.82467  -0.05494  
C -0.49927  -0.60583  -0.71936  
C -0.96964  0.67353   0.87973   
C -0.55521  0.95755   -0.56486  
N 0.83390   1.46838   -0.50133  
H 2.61363   0.57553   0.11428   
H 1.31459   -1.78327  -0.08959  
H -0.99191  -1.22004  -1.45964  
H -1.95868  0.88517   1.27030   
H -1.19942  1.56393   -1.20539  
C -0.41708  -0.69819  0.87066   
H -0.57548  -1.46091  1.61187   
13
image # 23 Energy = -286.83405
C 1.56357   0.47627   -0.17538  
C 0.84230   -0.81214  -0.03027  
C -0.48081  -0.61370  -0.71232  
C -0.96122  0.67807   0.89353   
C -0.56192  0.94992   -0.55626  
N 0.83297   1.46965   -0.50196  
H 2.62661   0.58792   0.08188   
H 1.32444   -1.77384  -0.06270  
H -0.97102  -1.23306  -1.45717  
H -1.94171  0.91509   1.30050   
H -1.20511  1.55767   -1.19935  
C -0.44663  -0.70660  0.84810   
H -0.63013  -1.49315  1.56797   
13
image # 24 Energy = -286.83513
C 1.58223   0.47458   -0.17277  
C 0.84110   -0.80241  -0.01518  
C -0.47182  -0.61695  -0.70700  
C -0.96306  0.67754   0.90083   
C -0.56103  0.94840   -0.54842  
N 0.82816   1.48055   -0.51510  
H 2.62896   0.60046   0.04175   
H 1.33686   -1.76862  -0.03138  
H -0.94597  -1.24581  -1.45063  
H -1.92221  0.94377   1.32956   
H -1.21060  1.54918   -1.19037  
C -0.45997  -0.71302  0.83795   
H -0.68765  -1.52672  1.51902   
13
image # 25 Energy = -286.83647
C 1.57556   0.49066   -0.17948  
C 0.84453   -0.79848  -0.00296  
C -0.46364  -0.61476  -0.70076  
C -0.96299  0.67345   0.91097   
C -0.55402  0.95019   -0.54131  
N 0.83398   1.47590   -0.52425  
H 2.64300   0.61497   -0.00018  
H 1.34734   -1.76081  0.00537   
H -0.91855  -1.26355  -1.44371  
H -1.90306  0.97245   1.36055   
H -1.21571  1.53682   -1.17825  
C -0.47861  -0.71768  0.83205   
H -0.74783  -1.55918  1.46194   
