# Energy profile
1         0.00000   0.00000   -286.82496          0.00000             
2         0.12721   0.03896   -286.82262          1.46708             
3         0.27223   0.08337   -286.82094          2.51717             
4         0.39961   0.12239   -286.81672          5.16489             
5         0.53077   0.16255   -286.81111          8.68790             
6         0.66558   0.20384   -286.80462          12.76316            
7         0.81083   0.24833   -286.80314          13.69251            
8         1.00479   0.30773   -286.81474          6.41064             
9         1.14544   0.35081   -286.82125          2.32430             
10        1.27213   0.38961   -286.82272          1.40276             
11        1.40848   0.43136   -286.82025          2.95045             
12        1.55829   0.47725   -286.81451          6.55771             
13        1.71052   0.52387   -286.81742          4.72592             
14        1.82358   0.55849   -286.78892          22.61562            
15        1.96426   0.60158   -286.78343          26.06046            
16        2.09302   0.64101   -286.79560          18.41844            
17        2.21252   0.67761   -286.80376          13.30028            
18        2.36820   0.72529   -286.81150          8.44467             
19        2.48835   0.76209   -286.81817          4.25987             
20        2.62108   0.80274   -286.82378          0.74019             
21        2.74515   0.84073   -286.82829          -2.09180            
22        2.89549   0.88678   -286.83145          -4.07617            
23        3.01632   0.92379   -286.83405          -5.70453            
24        3.13629   0.96053   -286.83513          -6.38205            
25        3.26518   1.00000   -286.83647          -7.22500            
