#perp_grad magnitudes
1         0.00000   0.00000   0.00000   
2         0.16833   0.03719   0.05552   
3         0.36032   0.07961   0.05903   
4         0.54449   0.12029   0.06471   
5         0.72657   0.16052   0.07199   
6         0.92238   0.20378   0.13288   
7         1.15992   0.25626   0.10015   
8         1.35735   0.29987   0.09188   
9         1.52692   0.33734   0.10021   
10        1.71925   0.37983   0.11376   
11        1.91608   0.42331   0.22507   
12        2.08635   0.46093   0.22515   
13        2.24242   0.49541   0.21666   
14        2.45022   0.54132   0.14651   
15        2.76720   0.61135   0.09830   
16        2.97245   0.65669   0.07872   
17        3.13584   0.69279   0.06282   
18        3.30114   0.72931   0.05098   
19        3.46546   0.76561   0.05755   
20        3.64557   0.80540   0.04037   
21        3.81359   0.84252   0.04720   
22        4.00536   0.88489   0.06759   
23        4.18660   0.92493   0.03864   
24        4.35466   0.96206   0.16228   
25        4.52640   1.00000   0.00000   
