#perp_grad magnitudes
1         0.00000   0.00000   0.00000   
2         0.15362   0.04253   0.06700   
3         0.30286   0.08384   0.15265   
4         0.46368   0.12836   0.03603   
5         0.60040   0.16622   0.05370   
6         0.75238   0.20829   0.08500   
7         0.91232   0.25257   0.05561   
8         1.06405   0.29457   0.08292   
9         1.21198   0.33552   0.04419   
10        1.36869   0.37891   0.05489   
11        1.51726   0.42004   0.04909   
12        1.64403   0.45514   0.04219   
13        1.78961   0.49544   0.09016   
14        2.00276   0.55444   0.09479   
15        2.19426   0.60746   0.07047   
16        2.35169   0.65104   0.05594   
17        2.50995   0.69486   0.04908   
18        2.66561   0.73795   0.03893   
19        2.81669   0.77977   0.03990   
20        3.00052   0.83067   0.05413   
21        3.15767   0.87417   0.08254   
22        3.32309   0.91997   0.04654   
23        3.46394   0.95896   0.05545   
24        3.61218   1.00000   0.00000   
