# Energy profile
1         0.00000   0.00000   -286.85497          0.00000             
2         0.15362   0.04253   -286.85386          0.69586             
3         0.30286   0.08384   -286.85325          1.07952             
4         0.46368   0.12836   -286.85189          1.93528             
5         0.60040   0.16622   -286.84953          3.41621             
6         0.75238   0.20829   -286.84670          5.18990             
7         0.91232   0.25257   -286.84331          7.31855             
8         1.06405   0.29457   -286.83863          10.25271            
9         1.21198   0.33552   -286.83410          13.09800            
10        1.36869   0.37891   -286.82714          17.46264            
11        1.51726   0.42004   -286.82002          21.93523            
12        1.64403   0.45514   -286.80960          28.47278            
13        1.78961   0.49544   -286.80025          34.33626            
14        2.00276   0.55444   -286.78337          44.92865            
15        2.19426   0.60746   -286.76936          53.72250            
16        2.35169   0.65104   -286.77965          47.26402            
17        2.50995   0.69486   -286.79405          38.22692            
18        2.66561   0.73795   -286.80607          30.68571            
19        2.81669   0.77977   -286.81904          22.54771            
20        3.00052   0.83067   -286.82966          15.88083            
21        3.15767   0.87417   -286.83893          10.06844            
22        3.32309   0.91997   -286.84569          5.82428             
23        3.46394   0.95896   -286.84946          3.45700             
24        3.61218   1.00000   -286.85166          2.07710             
