$molecule
0 2
C     1.9177378580000000   0.8965913081000001  -0.3859780095000000
C    -1.3400193400000000  -2.5606155081000002   0.6540690563000000
C    -1.4392507762000000  -1.3015991260000002   1.0181271923999999
C    -1.4622329764999999  -0.1466720160000000   0.0815561733000000
C    -0.3793473497000000   0.5442700408000000  -0.3487866101000000
N     0.8890879885000000   0.2162172196000000   0.0711519273000000
H     2.8861104368000001   0.5680725678000000   0.0127857056000000
H    -1.3151674257999999  -3.5302267284000002   1.1334037572000000
H    -1.5507675317000000  -1.0591519888000001   2.0851404864999998
H    -2.4406036121999999   0.1807097904000000  -0.2685510797000000
H    -0.5055885116000000   1.3839095492000000  -1.0367804810000001
C     1.8865474150999999   1.9703258186999999  -1.3114966776000001
H     2.8257348863999998   2.4452861914000001  -1.6091191683999999
$end
