#perp_grad magnitudes
1         0.00000   0.00000   0.00000   
2         0.09083   0.04223   0.08674   
3         0.17851   0.08299   0.06914   
4         0.27476   0.12774   0.05981   
5         0.37727   0.17539   0.32642   
6         0.48963   0.22763   0.08844   
7         0.57918   0.26926   0.04521   
8         0.67655   0.31452   0.06149   
9         0.76391   0.35514   0.03191   
10        0.87386   0.40625   0.04469   
11        0.95872   0.44570   0.02576   
12        1.05812   0.49191   0.02324   
13        1.16034   0.53943   0.06039   
14        1.29466   0.60188   0.08447   
15        1.43020   0.66489   0.04534   
16        1.53265   0.71252   0.04602   
17        1.61250   0.74964   0.06594   
18        1.70037   0.79049   0.08793   
19        1.79371   0.83388   0.03454   
20        1.88565   0.87663   0.07172   
21        1.97361   0.91752   0.05441   
22        2.06235   0.95877   0.09583   
23        2.15103   1.00000   0.00000   
