13
image # 1 Energy = -286.85493
C 1.67745   0.37751   -0.23398  
C 1.10888   -0.84665  -0.30016  
C -0.32934  -1.05925  -0.06890  
C -1.15030  0.34022   0.08468   
C -0.31664  1.53513   -0.14461  
N 0.96956   1.57975   -0.20409  
H 2.75277   0.49499   -0.34010  
H 1.71499   -1.71672  -0.54054  
H -0.79590  -1.89582  -0.59235  
H -2.16994  0.41324   -0.29868  
H -0.85404  2.46734   -0.33547  
C -0.92615  -0.60182  1.18404   
H -1.68134  -1.08793  1.79017   
13
image # 2 Energy = -286.85390
C 1.67942   0.38668   -0.22666  
C 1.09862   -0.85693  -0.30000  
C -0.34023  -1.05443  -0.09249  
C -1.14772  0.33939   0.08234   
C -0.32434  1.54081   -0.15373  
N 0.97191   1.58215   -0.21578  
H 2.74458   0.48969   -0.32727  
H 1.70800   -1.72184  -0.49309  
H -0.80956  -1.88697  -0.62713  
H -2.17479  0.41587   -0.27925  
H -0.85627  2.47078   -0.34191  
C -0.91218  -0.60781  1.17193   
H -1.64019  -1.09851  1.80256   
13
image # 3 Energy = -286.85371
C 1.66192   0.37555   -0.22282  
C 1.09226   -0.83523  -0.29269  
C -0.35423  -1.05938  -0.12079  
C -1.14792  0.34280   0.07991   
C -0.31653  1.53995   -0.16016  
N 0.96376   1.58549   -0.22604  
H 2.74719   0.48645   -0.31503  
H 1.70708   -1.73670  -0.45348  
H -0.81997  -1.87468  -0.65560  
H -2.17817  0.41739   -0.26203  
H -0.86060  2.47704   -0.34910  
C -0.89374  -0.61070  1.16170   
H -1.60612  -1.10999  1.81529   
13
image # 4 Energy = -286.85303
C 1.65986   0.36814   -0.21737  
C 1.09441   -0.84365  -0.29376  
C -0.36137  -1.04192  -0.13638  
C -1.14192  0.34103   0.07892   
C -0.31979  1.54943   -0.17116  
N 0.95688   1.59265   -0.23792  
H 2.73869   0.48111   -0.30036  
H 1.69358   -1.73407  -0.40430  
H -0.83756  -1.87331  -0.69545  
H -2.18488  0.42004   -0.24255  
H -0.86137  2.47770   -0.35543  
C -0.88505  -0.62392  1.15352   
H -1.55805  -1.11608  1.82139   
13
image # 5 Energy = -286.85119
C 1.65799   0.38980   -0.22379  
C 1.07576   -0.86192  -0.29284  
C -0.37104  -1.04233  -0.16330  
C -1.15489  0.34303   0.07759   
C -0.28483  1.54774   -0.17688  
N 0.92704   1.58834   -0.25104  
H 2.73967   0.47599   -0.27693  
H 1.69158   -1.74004  -0.36470  
H -0.84485  -1.85212  -0.72397  
H -2.18456  0.42164   -0.22505  
H -0.86805  2.48462   -0.36478  
C -0.86370  -0.62983  1.14378   
H -1.52832  -1.12848  1.84058   
13
image # 6 Energy = -286.85088
C 1.66721   0.37202   -0.22430  
C 1.07152   -0.83934  -0.29475  
C -0.38499  -1.04307  -0.18869  
C -1.13508  0.34358   0.08365   
C -0.33257  1.54784   -0.18152  
N 0.95825   1.58990   -0.27055  
H 2.72294   0.47128   -0.25404  
H 1.68746   -1.74875  -0.32133  
H -0.85663  -1.83609  -0.75632  
H -2.19551  0.42423   -0.20866  
H -0.86977  2.48713   -0.37253  
C -0.85440  -0.63508  1.13465   
H -1.48800  -1.13773  1.85275   
13
image # 7 Energy = -286.85022
C 1.64577   0.37951   -0.21975  
C 1.06586   -0.84322  -0.28633  
C -0.39668  -1.03808  -0.21344  
C -1.13988  0.34093   0.07967   
C -0.32977  1.55353   -0.19024  
N 0.95943   1.58669   -0.28232  
H 2.72547   0.46700   -0.24033  
H 1.67281   -1.74991  -0.27752  
H -0.86856  -1.82850  -0.78641  
H -2.19206  0.42424   -0.18898  
H -0.87228  2.48929   -0.37657  
C -0.83287  -0.63992  1.12163   
H -1.44768  -1.14653  1.85902   
13
image # 8 Energy = -286.84835
C 1.63537   0.36618   -0.21805  
C 1.05801   -0.84376  -0.27858  
C -0.40421  -1.02486  -0.23310  
C -1.13429  0.34283   0.07629   
C -0.32946  1.56276   -0.20187  
N 0.94655   1.59785   -0.29817  
H 2.72532   0.46323   -0.21741  
H 1.65811   -1.74957  -0.23467  
H -0.88568  -1.82355  -0.82338  
H -2.19558  0.42418   -0.16973  
H -0.87069  2.48441   -0.38113  
C -0.81572  -0.65525  1.12034   
H -1.39876  -1.15022  1.85814   
13
image # 9 Energy = -286.84671
C 1.63150   0.37123   -0.21721  
C 1.04994   -0.84508  -0.26623  
C -0.42224  -1.02040  -0.25475  
C -1.13066  0.33979   0.07598   
C -0.32992  1.55949   -0.20814  
N 0.94915   1.59644   -0.31065  
H 2.71692   0.45880   -0.20036  
H 1.64288   -1.74942  -0.19457  
H -0.89694  -1.81492  -0.85089  
H -2.19680  0.42369   -0.15255  
H -0.87544  2.49101   -0.38627  
C -0.78961  -0.65775  1.09923   
H -1.36027  -1.15952  1.86518   
13
image # 10 Energy = -286.84508
C 1.62769   0.37561   -0.22011  
C 1.04096   -0.84420  -0.28001  
C -0.42830  -1.02331  -0.28252  
C -1.13534  0.34271   0.07772   
C -0.33070  1.56028   -0.21734  
N 0.95027   1.58839   -0.33252  
H 2.70609   0.45279   -0.16576  
H 1.63023   -1.75233  -0.14200  
H -0.90788  -1.78821  -0.88727  
H -2.19382  0.42354   -0.12725  
H -0.88063  2.49450   -0.39706  
C -0.78089  -0.66716  1.09502   
H -1.30934  -1.16987  1.87817   
13
image # 11 Energy = -286.84322
C 1.62297   0.37320   -0.22007  
C 1.02655   -0.84483  -0.27003  
C -0.43478  -1.01662  -0.29782  
C -1.12762  0.34050   0.07849   
C -0.33282  1.56437   -0.22556  
N 0.94515   1.58991   -0.34272  
H 2.70343   0.44921   -0.14870  
H 1.61335   -1.75075  -0.10339  
H -0.91914  -1.77808  -0.91782  
H -2.19970  0.42321   -0.10987  
H -0.87950  2.49217   -0.40481  
C -0.76342  -0.66977  1.07806   
H -1.26612  -1.18012  1.88369   
13
image # 12 Energy = -286.84117
C 1.61924   0.36818   -0.21935  
C 1.02796   -0.84669  -0.27074  
C -0.44740  -1.01341  -0.31369  
C -1.12797  0.34386   0.07876   
C -0.33386  1.56234   -0.23360  
N 0.94219   1.59142   -0.35319  
H 2.69741   0.44440   -0.13018  
H 1.59174   -1.74670  -0.05536  
H -0.92849  -1.76052  -0.95438  
H -2.20481  0.42285   -0.08787  
H -0.88085  2.49433   -0.41887  
C -0.75687  -0.67487  1.06750   
H -1.20980  -1.19306  1.89091   
13
image # 13 Energy = -286.83695
C 1.61942   0.37681   -0.20641  
C 1.00048   -0.83643  -0.22642  
C -0.46102  -1.01788  -0.33366  
C -1.11965  0.34057   0.06602   
C -0.33133  1.57068   -0.24127  
N 0.93960   1.59240   -0.33446  
H 2.69341   0.44039   -0.16154  
H 1.57011   -1.74722  -0.02519  
H -0.93487  -1.78204  -0.96547  
H -2.20498  0.41652   -0.07946  
H -0.87922  2.49792   -0.41188  
C -0.72569  -0.66713  1.05302   
H -1.17757  -1.19266  1.86709   
13
image # 14 Energy = -286.83162
C 1.62196   0.39482   -0.20022  
C 0.95940   -0.83793  -0.14161  
C -0.48233  -1.01331  -0.36094  
C -1.11414  0.33542   0.04923   
C -0.33226  1.57283   -0.23950  
N 0.94547   1.59495   -0.32141  
H 2.69139   0.44082   -0.18999  
H 1.55676   -1.74339  -0.03448  
H -0.93920  -1.81023  -0.95080  
H -2.19894  0.41290   -0.08691  
H -0.87667  2.49882   -0.39682  
C -0.66888  -0.67278  1.03691   
H -1.17350  -1.18108  1.83738   
13
image # 15 Energy = -286.83089
C 1.60410   0.41246   -0.19598  
C 0.92032   -0.83556  -0.05643  
C -0.50281  -1.00718  -0.39223  
C -1.10530  0.33042   0.03240   
C -0.33626  1.57082   -0.23536  
N 0.96145   1.59400   -0.31265  
H 2.69929   0.44141   -0.21393  
H 1.54400   -1.74123  -0.04385  
H -0.94216  -1.83388  -0.93343  
H -2.19797  0.41080   -0.09448  
H -0.87616  2.50199   -0.38254  
C -0.60988  -0.68149  1.01831   
H -1.16913  -1.17046  1.81150   
13
image # 16 Energy = -286.83528
C 1.60143   0.41975   -0.19059  
C 0.89567   -0.83832  0.00383   
C -0.51430  -1.00233  -0.42037  
C -1.11745  0.32945   0.01862   
C -0.34613  1.56558   -0.23371  
N 0.98181   1.59937   -0.31127  
H 2.69336   0.43882   -0.22691  
H 1.52461   -1.73580  -0.03350  
H -0.94786  -1.84652  -0.93194  
H -2.18901  0.40876   -0.09038  
H -0.87872  2.50832   -0.37546  
C -0.56459  -0.68660  0.99697   
H -1.14872  -1.16787  1.79638   
13
image # 17 Energy = -286.83774
C 1.60561   0.42833   -0.18535  
C 0.88281   -0.82530  0.03835   
C -0.53087  -0.99399  -0.44023  
C -1.10970  0.31888   0.01283   
C -0.34177  1.57101   -0.23710  
N 0.98004   1.58957   -0.30880  
H 2.68059   0.43365   -0.23708  
H 1.50805   -1.73892  -0.00501  
H -0.95153  -1.84770  -0.94823  
H -2.19059  0.40943   -0.07929  
H -0.88004  2.51125   -0.37786  
C -0.54780  -0.69196  0.98603   
H -1.11402  -1.17106  1.78350   
13
image # 18 Energy = -286.84556
C 1.59384   0.42557   -0.17711  
C 0.86478   -0.83190  0.07029   
C -0.53620  -0.99482  -0.46147  
C -1.11136  0.31745   0.00676   
C -0.35167  1.58730   -0.24324  
N 0.98205   1.59422   -0.31081  
H 2.68472   0.42992   -0.24312  
H 1.48468   -1.73252  0.02848   
H -0.95493  -1.83960  -0.96719  
H -2.19276  0.41101   -0.06493  
H -0.87471  2.50273   -0.38110  
C -0.51944  -0.69739  0.96720   
H -1.07714  -1.17823  1.77822   
13
image # 19 Energy = -286.85054
C 1.59077   0.42930   -0.17058  
C 0.84960   -0.83170  0.08213   
C -0.53580  -0.98880  -0.47780  
C -1.11294  0.32320   0.00130   
C -0.34732  1.57637   -0.24903  
N 0.97888   1.59493   -0.31694  
H 2.67977   0.42295   -0.23968  
H 1.46464   -1.73522  0.07565   
H -0.96289  -1.82922  -0.99962  
H -2.19582  0.41073   -0.04264  
H -0.88042  2.51225   -0.39061  
C -0.50843  -0.70103  0.95179   
H -1.02686  -1.18940  1.77797   
13
image # 20 Energy = -286.85082
C 1.58908   0.40894   -0.16593  
C 0.84385   -0.82210  0.09440   
C -0.54577  -0.98890  -0.49445  
C -1.10949  0.32658   0.00247   
C -0.35078  1.57333   -0.25410  
N 0.97000   1.60629   -0.32635  
H 2.67677   0.41953   -0.23091  
H 1.44810   -1.73588  0.11721   
H -0.96939  -1.81031  -1.03481  
H -2.19960  0.41188   -0.02184  
H -0.88029  2.51199   -0.40452  
C -0.49802  -0.70535  0.93963   
H -0.97997  -1.20097  1.78065   
13
image # 21 Energy = -286.85614
C 1.58606   0.41801   -0.16437  
C 0.82986   -0.82244  0.10036   
C -0.54730  -0.97972  -0.50275  
C -1.11329  0.32309   0.00212   
C -0.35160  1.57607   -0.26161  
N 0.97116   1.59795   -0.33217  
H 2.67202   0.41310   -0.22264  
H 1.43163   -1.73875  0.16210   
H -0.97727  -1.79858  -1.06866  
H -2.20073  0.41206   -0.00143  
H -0.88266  2.51393   -0.41368  
C -0.48688  -0.70481  0.91854   
H -0.93489  -1.21354  1.78506   
13
image # 22 Energy = -286.85721
C 1.57850   0.41989   -0.16291  
C 0.82995   -0.82710  0.10499   
C -0.55426  -0.98454  -0.52701  
C -1.11583  0.33339   -0.00104  
C -0.35729  1.57327   -0.26779  
N 0.97311   1.59526   -0.33868  
H 2.67084   0.40737   -0.21356  
H 1.41135   -1.73409  0.20379   
H -0.98119  -1.77878  -1.09718  
H -2.20240  0.41113   0.01862   
H -0.88422  2.51445   -0.42331  
C -0.48646  -0.71500  0.92751   
H -0.88408  -1.21754  1.77735   
13
image # 23 Energy = -286.85847
C 1.57675   0.42125   -0.15794  
C 0.81571   -0.82285  0.11007   
C -0.55237  -0.97792  -0.53263  
C -1.11603  0.33082   -0.00241  
C -0.35897  1.57567   -0.27567  
N 0.97073   1.59204   -0.34571  
H 2.66380   0.40021   -0.20515  
H 1.39215   -1.73614  0.24817   
H -0.98964  -1.76708  -1.12829  
H -2.20107  0.40938   0.03984   
H -0.88602  2.51533   -0.42976  
C -0.47806  -0.71187  0.90022   
H -0.83699  -1.22884  1.77926   
