#perp_grad magnitudes
1         0.00000   0.00000   0.00000   
2         0.17425   0.02869   0.05325   
3         0.38249   0.06299   0.06466   
4         0.57288   0.09434   0.08430   
5         0.79809   0.13142   0.11373   
6         1.00544   0.16557   0.07727   
7         1.19591   0.19694   0.06920   
8         1.39846   0.23029   0.09875   
9         1.60244   0.26388   0.07863   
10        1.86704   0.30745   0.10177   
11        2.39467   0.39434   0.12763   
12        2.54787   0.41957   0.07989   
13        2.80522   0.46195   0.06260   
14        2.98812   0.49206   0.10621   
15        3.15681   0.51984   0.11525   
16        3.35399   0.55231   0.11451   
17        3.54086   0.58309   0.12430   
18        3.74086   0.61602   0.13785   
19        3.94226   0.64919   0.12946   
20        4.14555   0.68266   0.11192   
21        4.35310   0.71684   0.10696   
22        4.56678   0.75203   0.09234   
23        4.80140   0.79066   0.08264   
24        5.01630   0.82605   0.09458   
25        5.24988   0.86452   0.06579   
26        5.44556   0.89674   0.09766   
27        5.68729   0.93655   0.08703   
28        5.90442   0.97230   0.08361   
29        6.07262   1.00000   0.00000   
