#perp_grad magnitudes
1         0.00000   0.00000   0.00000   
2         0.10558   0.04055   0.23512   
3         0.21465   0.08244   0.02581   
4         0.31848   0.12232   0.04031   
5         0.41985   0.16125   0.05339   
6         0.52043   0.19988   0.02962   
7         0.61953   0.23795   0.05531   
8         0.80106   0.30767   0.09566   
9         0.96268   0.36974   0.09823   
10        1.08190   0.41553   0.05924   
11        1.16666   0.44808   0.04730   
12        1.28727   0.49441   0.05301   
13        1.35777   0.52148   0.04132   
14        1.44920   0.55660   0.05390   
15        1.57278   0.60406   0.06677   
16        1.67686   0.64404   0.03046   
17        1.78288   0.68476   0.10765   
18        1.87409   0.71979   0.05849   
19        1.97846   0.75987   0.06256   
20        2.07794   0.79808   0.07305   
21        2.17332   0.83472   0.06742   
22        2.26477   0.86984   0.08702   
23        2.39262   0.91894   0.17831   
24        2.50102   0.96058   0.17289   
25        2.60367   1.00000   0.00000   
