#perp_grad magnitudes
1         0.00000   0.00000   0.00000   
2         0.13353   0.03794   0.08573   
3         0.28148   0.07998   0.05432   
4         0.41980   0.11928   0.05658   
5         0.57008   0.16199   0.05243   
6         0.71738   0.20384   0.06955   
7         0.85880   0.24402   0.04509   
8         0.99337   0.28226   0.05650   
9         1.13096   0.32135   0.05490   
10        1.26470   0.35936   0.04227   
11        1.39424   0.39616   0.05515   
12        1.53416   0.43592   0.04616   
13        1.72526   0.49022   0.06688   
14        1.83293   0.52081   0.10692   
15        1.97823   0.56210   0.05902   
16        2.11564   0.60114   0.05182   
17        2.26337   0.64312   0.03891   
18        2.38967   0.67901   0.05216   
19        2.52900   0.71860   0.04786   
20        2.66515   0.75729   0.08716   
21        2.80121   0.79595   0.06282   
22        2.92152   0.83013   0.08935   
23        3.08093   0.87543   0.13180   
24        3.24533   0.92214   0.07452   
25        3.39258   0.96398   0.06332   
26        3.51934   1.00000   0.00000   
