# Energy profile
1         0.00000   0.00000   -286.85847          0.00000             
2         0.13353   0.03794   -286.85679          1.05436             
3         0.28148   0.07998   -286.85615          1.45553             
4         0.41980   0.11928   -286.85390          2.86605             
5         0.57008   0.16199   -286.85217          3.95394             
6         0.71738   0.20384   -286.84907          5.89577             
7         0.85880   0.24402   -286.84572          7.99967             
8         0.99337   0.28226   -286.84061          11.20303            
9         1.13096   0.32135   -286.83387          15.43788            
10        1.26470   0.35936   -286.82627          20.20544            
11        1.39424   0.39616   -286.81044          30.13523            
12        1.53416   0.43592   -286.79923          37.17497            
13        1.72526   0.49022   -286.77642          51.48607            
14        1.83293   0.52081   -286.77262          53.87181            
15        1.97823   0.56210   -286.77247          53.96678            
16        2.11564   0.60114   -286.77964          49.46722            
17        2.26337   0.64312   -286.79078          42.47537            
18        2.38967   0.67901   -286.80542          33.28811            
19        2.52900   0.71860   -286.81673          26.19046            
20        2.66515   0.75729   -286.82551          20.67810            
21        2.80121   0.79595   -286.83280          16.10923            
22        2.92152   0.83013   -286.83811          12.77184            
23        3.08093   0.87543   -286.84248          10.03111            
24        3.24533   0.92214   -286.84723          7.04933             
25        3.39258   0.96398   -286.85008          5.26409             
26        3.51934   1.00000   -286.85166          4.27367             
