#perp_grad magnitudes
1         0.00000   0.00000   0.00000   
2         0.20879   0.03544   0.13879   
3         0.40714   0.06910   0.05187   
4         0.61989   0.10521   0.10480   
5         0.89394   0.15172   0.11316   
6         1.10814   0.18807   0.11803   
7         1.39119   0.23612   0.11640   
8         1.61341   0.27383   0.11174   
9         1.82543   0.30981   0.12864   
10        2.03046   0.34461   0.13882   
11        2.22129   0.37700   0.14341   
12        2.41743   0.41029   0.13949   
13        2.61208   0.44333   0.11093   
14        2.78233   0.47222   0.11555   
15        3.05227   0.51804   0.10270   
16        3.27152   0.55525   0.13703   
17        3.48089   0.59078   0.17765   
18        3.88426   0.65924   0.09465   
19        4.10506   0.69672   0.07147   
20        4.32489   0.73403   0.05977   
21        4.58907   0.77886   0.07197   
22        4.80618   0.81571   0.08242   
23        5.02947   0.85361   0.08769   
24        5.25132   0.89126   0.07419   
25        5.46266   0.92713   0.12108   
26        5.69382   0.96636   0.06332   
27        5.89201   1.00000   0.00000   
