#perp_grad magnitudes
1         0.00000   0.00000   0.00000   
2         0.23771   0.04310   0.05192   
3         0.47367   0.08588   0.05882   
4         0.72304   0.13109   0.08495   
5         0.95166   0.17254   0.07379   
6         1.18850   0.21548   0.06151   
7         1.41799   0.25709   0.05485   
8         1.66384   0.30167   0.14888   
9         1.91923   0.34797   0.19606   
10        2.22807   0.40397   0.21314   
11        2.49669   0.45267   0.16351   
12        2.74694   0.49804   0.10349   
13        3.05624   0.55412   0.11312   
14        3.30345   0.59894   0.11684   
15        3.54152   0.64210   0.09724   
16        3.79439   0.68795   0.10109   
17        4.04644   0.73365   0.08883   
18        4.29777   0.77922   0.08643   
19        4.55155   0.82523   0.08821   
20        4.76542   0.86401   0.07540   
21        5.01785   0.90978   0.08782   
22        5.27134   0.95573   0.08173   
23        5.51548   1.00000   0.00000   
