# Energy profile
1         0.00000   0.00000   -286.85167          0.00000             
2         0.23771   0.04310   -286.84717          2.82570             
3         0.47367   0.08588   -286.83841          8.32108             
4         0.72304   0.13109   -286.82284          18.09182            
5         0.95166   0.17254   -286.80482          29.39816            
6         1.18850   0.21548   -286.78285          43.18387            
7         1.41799   0.25709   -286.75860          58.40393            
8         1.66384   0.30167   -286.72650          78.54483            
9         1.91923   0.34797   -286.74420          67.44187            
10        2.22807   0.40397   -286.79588          35.01266            
11        2.49669   0.45267   -286.81855          20.78602            
12        2.74694   0.49804   -286.84629          3.38059             
13        3.05624   0.55412   -286.85636          -2.94337            
14        3.30345   0.59894   -286.86426          -7.89735            
15        3.54152   0.64210   -286.87528          -14.81117           
16        3.79439   0.68795   -286.88532          -21.11466           
17        4.04644   0.73365   -286.89359          -26.30273           
18        4.29777   0.77922   -286.89912          -29.77555           
19        4.55155   0.82523   -286.90372          -32.65860           
20        4.76542   0.86401   -286.91097          -37.20834           
21        5.01785   0.90978   -286.91643          -40.63735           
22        5.27134   0.95573   -286.92179          -44.00077           
23        5.51548   1.00000   -286.92435          -45.60634           
