#perp_grad magnitudes
1         0.00000   0.00000   0.00000   
2         0.18031   0.04051   0.05689   
3         0.35744   0.08031   0.25761   
4         0.55999   0.12582   0.07041   
5         0.73377   0.16487   0.05002   
6         0.91486   0.20555   0.04526   
7         1.09257   0.24548   0.10941   
8         1.31024   0.29439   0.10893   
9         1.51202   0.33973   0.15744   
10        1.71317   0.38492   0.14841   
11        1.91886   0.43114   0.12111   
12        2.12480   0.47741   0.08517   
13        2.26545   0.50901   0.19256   
14        2.41669   0.54299   0.05640   
15        2.61442   0.58742   0.13268   
16        2.78520   0.62579   0.07759   
17        2.96814   0.66689   0.07358   
18        3.17185   0.71266   0.12041   
19        3.34754   0.75214   0.10881   
20        3.55073   0.79779   0.10508   
21        3.76668   0.84631   0.03959   
22        3.93881   0.88498   0.05917   
23        4.12121   0.92597   0.05303   
24        4.28243   0.96219   0.08758   
25        4.45071   1.00000   0.00000   
