# Energy profile
1         0.00000   0.00000   -286.85491          0.00000             
2         0.20879   0.03544   -286.85256          1.47389             
3         0.40714   0.06910   -286.84985          3.17666             
4         0.61989   0.10521   -286.84668          5.16252             
5         0.89394   0.15172   -286.85607          -0.72642            
6         1.10814   0.18807   -286.86212          -4.52387            
7         1.39119   0.23612   -286.87058          -9.83341            
8         1.61341   0.27383   -286.86882          -8.72828            
9         1.82543   0.30981   -286.86028          -3.36860            
10        2.03046   0.34461   -286.84843          4.06869             
11        2.22129   0.37700   -286.84161          8.34699             
12        2.41743   0.41029   -286.83464          12.72116            
13        2.61208   0.44333   -286.82592          18.19066            
14        2.78233   0.47222   -286.83274          13.91134            
15        3.05227   0.51804   -286.84406          6.80709             
16        3.27152   0.55525   -286.84628          5.41848             
17        3.48089   0.59078   -286.83911          9.91492             
18        3.88426   0.65924   -286.82274          20.18655            
19        4.10506   0.69672   -286.81062          27.79152            
20        4.32489   0.73403   -286.82023          21.76409            
21        4.58907   0.77886   -286.82075          21.43826            
22        4.80618   0.81571   -286.82825          16.72913            
23        5.02947   0.85361   -286.83493          12.54067            
24        5.25132   0.89126   -286.84078          8.86658             
25        5.46266   0.92713   -286.84414          6.76183             
26        5.69382   0.96636   -286.84854          4.00136             
27        5.89201   1.00000   -286.85053          2.74853             
