#perp_grad magnitudes
1         0.00000   0.00000   0.00000   
2         0.31440   0.04628   0.06825   
3         0.61445   0.09044   0.13422   
4         0.94394   0.13894   0.06969   
5         1.23316   0.18151   0.05872   
6         1.53507   0.22595   0.05435   
7         1.86394   0.27436   0.06615   
8         2.22112   0.32693   0.14058   
9         2.54430   0.37451   0.14233   
10        2.86366   0.42151   0.12258   
11        3.17665   0.46758   0.20783   
12        3.44096   0.50649   0.08406   
13        3.70834   0.54584   0.05871   
14        4.02304   0.59217   0.04166   
15        4.33340   0.63785   0.07791   
16        4.65620   0.68536   0.07857   
17        4.96595   0.73096   0.07226   
18        5.26590   0.77511   0.08535   
19        5.55437   0.81757   0.07125   
20        5.83424   0.85876   0.12065   
21        6.16755   0.90782   0.22328   
22        6.51064   0.95833   0.59634   
23        6.79377   1.00000   0.00000   
