# Energy profile
1         0.00000   0.00000   -286.85167          0.00000             
2         0.17985   0.04429   -286.84804          2.27995             
3         0.34533   0.08504   -286.84049          7.01879             
4         0.53870   0.13265   -286.82966          13.81396            
5         0.72686   0.17899   -286.81625          22.22885            
6         0.91702   0.22581   -286.80410          29.85270            
7         1.15134   0.28351   -286.81495          23.04431            
8         1.46781   0.36144   -286.82147          18.95417            
9         1.64383   0.40479   -286.82628          15.93607            
10        1.81963   0.44808   -286.83045          13.31411            
11        1.99364   0.49093   -286.83422          10.94845            
12        2.11559   0.52096   -286.83665          9.42749             
13        2.24619   0.55312   -286.83841          8.32335             
14        2.42388   0.59687   -286.84046          7.03401             
15        2.62074   0.64535   -286.84257          5.71162             
16        2.81026   0.69202   -286.84429          4.63170             
17        2.99594   0.73774   -286.84526          4.02494             
18        3.17549   0.78195   -286.84663          3.16171             
19        3.36211   0.82791   -286.84791          2.35799             
20        3.54974   0.87411   -286.84914          1.58803             
21        3.72583   0.91747   -286.84991          1.10469             
22        3.88548   0.95678   -286.84940          1.42432             
23        4.06098   1.00000   -286.85059          0.67839             
