#perp_grad magnitudes
1         0.00000   0.00000   0.00000   
2         0.23869   0.02066   0.06629   
3         0.49162   0.04255   0.11431   
4         0.74196   0.06422   0.10364   
5         0.99556   0.08617   0.10081   
6         1.25372   0.10852   0.10454   
7         1.57116   0.13600   0.12755   
8         2.18867   0.18945   0.19053   
9         2.71625   0.23511   0.19301   
10        3.18398   0.27560   0.19217   
11        3.58112   0.30997   0.16725   
12        3.94028   0.34106   0.11986   
13        4.30925   0.37300   0.06147   
14        4.55629   0.39438   0.05439   
15        4.81084   0.41641   0.07378   
16        5.09237   0.44078   0.08335   
17        5.30524   0.45921   0.10209   
18        5.60779   0.48540   0.08114   
19        6.00011   0.51935   0.13924   
20        6.31860   0.54692   0.13287   
21        6.53903   0.56600   0.11949   
22        6.72981   0.58251   0.14392   
23        6.98289   0.60442   0.18647   
24        7.20273   0.62345   0.19398   
25        7.48744   0.64809   0.18780   
26        7.73431   0.66946   0.16283   
27        7.97734   0.69050   0.10900   
28        8.31970   0.72013   0.14221   
29        8.62934   0.74693   0.12876   
30        8.94043   0.77386   0.10465   
31        9.25397   0.80100   0.10417   
32        9.55509   0.82706   0.11310   
33        9.85540   0.85306   0.13164   
34        10.24318  0.88662   0.17629   
35        10.53846  0.91218   0.18059   
36        10.82200  0.93672   0.21231   
37        11.06370  0.95764   0.21549   
38        11.29189  0.97739   0.11036   
39        11.55305  1.00000   0.00000   
