#perp_grad magnitudes
1         0.00000   0.00000   0.00000   
2         0.11401   0.00841   0.10286   
3         0.21332   0.01574   0.07144   
4         0.33806   0.02494   0.07864   
5         0.44801   0.03305   0.07260   
6         0.56366   0.04158   0.08422   
7         0.68326   0.05041   0.08313   
8         0.79614   0.05874   0.09726   
9         0.94537   0.06975   0.21506   
10        1.12805   0.08322   0.10791   
11        1.24272   0.09168   0.06299   
12        1.38336   0.10206   0.06822   
13        1.50230   0.11084   0.05492   
14        1.69840   0.12530   0.19571   
15        1.77248   0.13077   0.21446   
16        1.87318   0.13820   0.31643   
17        1.98448   0.14641   0.10238   
18        2.21074   0.16310   0.23423   
19        2.24667   0.16575   0.20257   
20        2.36604   0.17456   0.12178   
21        2.46981   0.18221   0.09166   
22        2.68467   0.19807   0.08661   
23        2.87365   0.21201   0.08371   
24        3.08478   0.22759   0.09273   
25        3.37851   0.24926   0.09241   
26        3.85649   0.28452   0.11399   
27        4.33635   0.31992   0.17325   
28        4.78088   0.35272   0.22287   
29        5.16937   0.38138   0.19820   
30        5.48800   0.40489   0.13732   
31        5.60342   0.41340   0.11553   
32        5.78634   0.42690   0.09567   
33        5.97546   0.44085   0.07153   
34        6.15239   0.45390   0.05606   
35        6.33255   0.46720   0.05618   
36        6.51753   0.48084   0.06777   
37        6.69912   0.49424   0.08676   
38        6.98558   0.51537   0.11760   
39        7.28578   0.53752   0.14771   
40        7.62955   0.56288   0.16621   
41        7.76777   0.57308   0.14808   
42        7.89662   0.58259   0.11458   
43        8.02527   0.59208   0.07418   
44        8.15869   0.60192   0.05088   
45        8.33235   0.61473   0.08661   
46        8.45421   0.62372   0.10975   
47        8.58772   0.63357   0.12567   
48        8.70990   0.64259   0.14157   
49        8.79025   0.64852   0.14606   
50        8.86748   0.65421   0.12305   
51        9.04125   0.66704   0.09555   
52        9.13500   0.67395   0.07558   
53        9.23084   0.68102   0.05077   
54        9.31815   0.68746   0.03826   
55        9.38834   0.69264   0.10645   
56        9.49140   0.70025   0.13219   
57        9.60239   0.70843   0.16003   
58        9.72053   0.71715   0.18323   
59        9.82152   0.72460   0.18855   
60        9.92062   0.73191   0.24556   
61        10.04429  0.74104   0.19940   
62        10.15648  0.74931   0.21344   
63        10.27430  0.75801   0.16796   
64        10.38315  0.76604   0.11521   
65        10.58190  0.78070   0.32895   
66        10.68109  0.78802   0.35961   
67        10.87127  0.80205   0.20182   
68        11.06352  0.81623   0.13322   
69        11.32919  0.83583   0.23464   
70        11.46148  0.84559   0.29328   
71        11.57521  0.85398   0.12778   
72        11.67914  0.86165   0.33263   
73        11.76748  0.86817   0.18634   
74        11.98037  0.88387   0.22594   
75        12.06132  0.88985   0.07701   
76        12.24952  0.90373   0.09908   
77        12.36988  0.91261   0.09744   
78        12.47959  0.92070   0.10233   
79        12.60328  0.92983   0.13147   
80        12.71065  0.93775   0.16496   
81        12.86076  0.94883   0.08615   
82        13.00031  0.95912   0.08647   
83        13.11254  0.96740   0.07038   
84        13.22069  0.97538   0.06735   
85        13.34037  0.98421   0.06720   
86        13.44001  0.99156   0.09089   
87        13.55439  1.00000   0.00000   
