13
image # 1 Energy = -286.92435
C 1.62809   0.33910   -0.30195  
C 1.13931   -0.94256  -0.47434  
C -0.20563  -1.41707  -0.27097  
C -1.27831  -0.68500  0.14277   
C -0.24704  1.61895   0.41993   
N 1.06067   1.50415   0.08796   
H 2.69143   0.45650   -0.52237  
H 1.86461   -1.68164  -0.80621  
H -0.37082  -2.47368  -0.47201  
H -2.22814  -1.20617  0.24444   
H -0.50644  2.63982   0.70903   
C -1.29538  0.71958   0.46392   
H -2.25234  1.12802   0.77980   
13
image # 2 Energy = -286.92109
C 1.65819   0.32077   -0.31315  
C 1.16845   -0.93304  -0.47933  
C -0.18274  -1.40841  -0.27472  
C -1.28920  -0.67771  0.14759   
C -0.24268  1.59074   0.41306   
N 1.05791   1.50585   0.08930   
H 2.71717   0.45854   -0.52784  
H 1.87789   -1.68941  -0.81089  
H -0.37839  -2.45338  -0.46703  
H -2.24988  -1.17163  0.25646   
H -0.50349  2.61467   0.70276   
C -1.32620  0.72205   0.47092   
H -2.31422  1.12453   0.79377   
13
image # 3 Energy = -286.91747
C 1.68548   0.33203   -0.31710  
C 1.18481   -0.94548  -0.48621  
C -0.18304  -1.38496  -0.26965  
C -1.28317  -0.66369  0.14985   
C -0.23426  1.58719   0.41038   
N 1.05231   1.48770   0.08695   
H 2.74350   0.46099   -0.53328  
H 1.89259   -1.69629  -0.81563  
H -0.38108  -2.44130  -0.46521  
H -2.26576  -1.14209  0.26634   
H -0.49953  2.58834   0.69597   
C -1.37016  0.70737   0.47711   
H -2.35647  1.11872   0.80281   
13
image # 4 Energy = -286.90908
C 1.70413   0.31532   -0.32528  
C 1.19880   -0.93233  -0.48688  
C -0.17337  -1.37330  -0.26976  
C -1.28507  -0.62617  0.15951   
C -0.23559  1.56538   0.40533   
N 1.03821   1.45731   0.08413   
H 2.78654   0.47075   -0.54072  
H 1.92061   -1.71436  -0.82554  
H -0.37944  -2.41810  -0.46283  
H -2.27701  -1.10516  0.27730   
H -0.49531  2.56902   0.69053   
C -1.42523  0.69886   0.48642   
H -2.40018  1.10610   0.81167   
13
image # 5 Energy = -286.89844
C 1.73712   0.31068   -0.33392  
C 1.21029   -0.95696  -0.49516  
C -0.14228  -1.35699  -0.27397  
C -1.27404  -0.60924  0.16218   
C -0.24092  1.53413   0.39890   
N 1.03171   1.43720   0.08152   
H 2.80280   0.47834   -0.54229  
H 1.93129   -1.71663  -0.82776  
H -0.37910  -2.39921  -0.46141  
H -2.29552  -1.07447  0.28891   
H -0.49399  2.55789   0.68739   
C -1.46582  0.70990   0.49528   
H -2.45040  1.10214   0.82511   
13
image # 6 Energy = -286.88240
C 1.75041   0.29611   -0.34007  
C 1.24630   -0.96415  -0.50508  
C -0.12524  -1.34382  -0.27612  
C -1.25701  -0.58783  0.16587   
C -0.25127  1.52946   0.39908   
N 1.03572   1.41097   0.07489   
H 2.81719   0.48597   -0.54303  
H 1.94207   -1.72332  -0.83048  
H -0.37677  -2.38129  -0.46156  
H -2.31003  -1.03865  0.30151   
H -0.49055  2.52744   0.67922   
C -1.50342  0.69849   0.49494   
H -2.51268  1.11114   0.84685   
13
image # 7 Energy = -286.86083
C 1.76359   0.28955   -0.34424  
C 1.26514   -0.96501  -0.50959  
C -0.10801  -1.33122  -0.27916  
C -1.23768  -0.57981  0.16996   
C -0.24002  1.50785   0.38914   
N 1.02037   1.38875   0.07363   
H 2.82934   0.49241   -0.54284  
H 1.96787   -1.74368  -0.83886  
H -0.37199  -2.36917  -0.46473  
H -2.31231  -0.99534  0.31382   
H -0.49205  2.50078   0.67294   
C -1.56474  0.70429   0.49656   
H -2.56185  1.12585   0.87166   
13
image # 8 Energy = -286.83343
C 1.77286   0.29414   -0.34505  
C 1.27752   -0.97664  -0.51510  
C -0.09130  -1.33317  -0.28690  
C -1.21700  -0.54820  0.18789   
C -0.24873  1.47788   0.38087   
N 1.02463   1.37315   0.06943   
H 2.83272   0.49738   -0.54034  
H 1.99124   -1.75529  -0.84436  
H -0.36353  -2.36867  -0.47177  
H -2.31422  -0.95725  0.32502   
H -0.49896  2.47980   0.66978   
C -1.62162  0.69711   0.47885   
H -2.59064  1.14984   0.90240   
13
image # 9 Energy = -286.84024
C 1.76877   0.27629   -0.34913  
C 1.28558   -0.99249  -0.52101  
C -0.09813  -1.32047  -0.29133  
C -1.23454  -0.56221  0.24850   
C -0.27910  1.48250   0.37450   
N 0.99775   1.35444   0.07538   
H 2.83546   0.50825   -0.53410  
H 2.00634   -1.76160  -0.84584  
H -0.35101  -2.36725  -0.48108  
H -2.28877  -0.94872  0.32719   
H -0.49979  2.47034   0.67490   
C -1.62524  0.74204   0.38653   
H -2.56257  1.15026   0.94936   
13
image # 10 Energy = -286.83817
C 1.75544   0.29084   -0.34766  
C 1.26712   -0.98062  -0.51719  
C -0.10993  -1.32134  -0.29146  
C -1.22616  -0.57498  0.31305   
C -0.28052  1.48682   0.34143   
N 1.00115   1.36186   0.08619   
H 2.81493   0.50278   -0.52543  
H 1.99006   -1.75093  -0.83849  
H -0.35823  -2.36296  -0.48151  
H -2.28525  -0.96159  0.33629   
H -0.51347  2.46759   0.69861   
C -1.62163  0.74940   0.26292   
H -2.47435  1.12468   0.97787   
13
image # 11 Energy = -286.81713
C 1.75660   0.29114   -0.35169  
C 1.26406   -0.97641  -0.51926  
C -0.11519  -1.30937  -0.28287  
C -1.19763  -0.55789  0.34984   
C -0.28266  1.47280   0.31733   
N 1.00805   1.36906   0.08853   
H 2.81539   0.50316   -0.52168  
H 1.98173   -1.74499  -0.83548  
H -0.36442  -2.35029  -0.48021  
H -2.28747  -0.94060  0.35276   
H -0.52571  2.44031   0.70634   
C -1.65929  0.73457   0.20725   
H -2.42803  1.10021   0.98297   
13
image # 12 Energy = -286.79469
C 1.74939   0.30246   -0.35518  
C 1.24903   -0.96900  -0.51986  
C -0.10709  -1.28150  -0.26079  
C -1.16804  -0.53664  0.37712   
C -0.28140  1.45289   0.27490   
N 1.01693   1.35930   0.07984   
H 2.82436   0.50417   -0.51651  
H 1.97086   -1.75067  -0.83463  
H -0.38038  -2.32099  -0.47308  
H -2.27874  -0.90371  0.39336   
H -0.54704  2.39286   0.71417   
C -1.68680  0.71364   0.15904   
H -2.38835  1.06807   0.97551   
13
image # 13 Energy = -286.75314
C 1.76962   0.29398   -0.36431  
C 1.26986   -0.97841  -0.52526  
C -0.09815  -1.27988  -0.25845  
C -1.12927  -0.50150  0.40380   
C -0.27139  1.42731   0.28193   
N 1.01365   1.35404   0.06552   
H 2.82927   0.50753   -0.52225  
H 1.97714   -1.75725  -0.83829  
H -0.37852  -2.30774  -0.46759  
H -2.28782  -0.85748  0.38669   
H -0.55120  2.36936   0.70094   
C -1.74681  0.69071   0.16621   
H -2.41622  1.06828   0.98587   
13
image # 14 Energy = -286.78530
C 1.74935   0.31616   -0.37085  
C 1.23664   -0.95732  -0.51677  
C -0.11075  -1.28827  -0.22009  
C -1.10183  -0.49525  0.42742   
C -0.26340  1.42838   0.26513   
N 1.01027   1.37993   0.06240   
H 2.80320   0.50552   -0.51685  
H 1.93302   -1.74063  -0.83205  
H -0.40072  -2.29032  -0.45320  
H -2.27446  -0.85877  0.37191   
H -0.57925  2.33798   0.74785   
C -1.71392  0.66536   0.08894   
H -2.30136  1.02311   0.96299   
13
image # 15 Energy = -286.70993
C 1.73530   0.31503   -0.37831  
C 1.23416   -0.96263  -0.51677  
C -0.10419  -1.27817  -0.19667  
C -1.08458  -0.48950  0.44564   
C -0.26950  1.41788   0.25569   
N 1.00061   1.37851   0.04764   
H 2.80457   0.50838   -0.51714  
H 1.91522   -1.74590  -0.83157  
H -0.41389  -2.28689  -0.44841  
H -2.25095  -0.83649  0.36658   
H -0.58801  2.32688   0.76559   
C -1.70860  0.65907   0.06930   
H -2.27682  1.01718   0.95624   
13
image # 16 Energy = -286.71250
C 1.74696   0.31278   -0.37878  
C 1.25424   -0.97032  -0.52337  
C -0.09167  -1.27485  -0.21164  
C -1.05679  -0.46526  0.45383   
C -0.27297  1.40809   0.26444   
N 1.00930   1.36317   0.04161   
H 2.81658   0.51448   -0.51783  
H 1.93316   -1.75533  -0.83804  
H -0.40842  -2.28505  -0.45464  
H -2.25930  -0.82395  0.37243   
H -0.58778  2.32663   0.76007   
C -1.76647  0.63976   0.08798   
H -2.31955  1.03105   0.96368   
13
image # 17 Energy = -286.68210
C 1.77013   0.30234   -0.38211  
C 1.25564   -0.97274  -0.52262  
C -0.07704  -1.26587  -0.22167  
C -1.02326  -0.45865  0.46686   
C -0.24448  1.41513   0.27763   
N 1.01599   1.36504   0.03630   
H 2.81935   0.51346   -0.51574  
H 1.94772   -1.76063  -0.83851  
H -0.40708  -2.28980  -0.46507  
H -2.28470  -0.79469  0.35433   
H -0.59312  2.31631   0.73325   
C -1.81988  0.62022   0.10500   
H -2.35574  1.02810   0.99476   
13
image # 18 Energy = -286.71920
C 1.74479   0.32431   -0.40528  
C 1.23980   -0.95106  -0.51741  
C -0.08161  -1.28605  -0.17862  
C -1.01952  -0.45598  0.44713   
C -0.23930  1.43178   0.29035   
N 1.02086   1.38697   0.04980   
H 2.79995   0.51680   -0.54285  
H 1.90938   -1.74383  -0.85004  
H -0.43746  -2.29443  -0.40161  
H -2.23782  -0.82295  0.34282   
H -0.61661  2.27832   0.84630   
C -1.79150  0.59421   0.03389   
H -2.28327  1.03786   0.91007   
13
image # 19 Energy = -286.68296
C 1.74358   0.32763   -0.40876  
C 1.24491   -0.94679  -0.51811  
C -0.08205  -1.29100  -0.17575  
C -1.00956  -0.44806  0.44797   
C -0.23225  1.43313   0.28803   
N 1.02827   1.38949   0.04995   
H 2.80184   0.51657   -0.54377  
H 1.90666   -1.74221  -0.85134  
H -0.44254  -2.29439  -0.39673  
H -2.23681  -0.81924  0.33719   
H -0.62300  2.27395   0.85979   
C -1.80839  0.57946   0.02879   
H -2.27952  1.03577   0.90764   
13
image # 20 Energy = -286.67390
C 1.74213   0.33622   -0.42306  
C 1.24313   -0.94811  -0.52039  
C -0.07818  -1.29155  -0.15391  
C -0.98917  -0.42782  0.42871   
C -0.18831  1.44104   0.30128   
N 1.02627   1.39641   0.06259   
H 2.80290   0.51905   -0.56796  
H 1.89610   -1.73753  -0.86041  
H -0.45446  -2.28980  -0.35402  
H -2.23520  -0.82344  0.32500   
H -0.63451  2.23724   0.90823   
C -1.82192  0.55360   0.01382   
H -2.29335  1.04764   0.86651   
13
image # 21 Energy = -286.67143
C 1.75262   0.33649   -0.43576  
C 1.24575   -0.94861  -0.52421  
C -0.06970  -1.28964  -0.14309  
C -0.97958  -0.41023  0.40932   
C -0.16217  1.46418   0.31572   
N 1.05806   1.39102   0.06818   
H 2.81092   0.51996   -0.58823  
H 1.89669   -1.74003  -0.86750  
H -0.46004  -2.28428  -0.32028  
H -2.24510  -0.81984  0.31681   
H -0.64181  2.20612   0.93179   
C -1.85216  0.52901   0.01699   
H -2.33328  1.05726   0.84912   
13
image # 22 Energy = -286.68460
C 1.79412   0.30524   -0.46502  
C 1.26314   -0.94228  -0.53549  
C -0.06595  -1.28194  -0.13179  
C -1.00652  -0.42125  0.36573   
C -0.09029  1.53033   0.31056   
N 1.11526   1.37372   0.09277   
H 2.83839   0.51055   -0.62888  
H 1.90681   -1.75810  -0.87553  
H -0.45985  -2.27956  -0.25908  
H -2.26873  -0.81045  0.31421   
H -0.64471  2.18117   0.95992   
C -1.91282  0.53167   0.03968   
H -2.44372  1.07101   0.84432   
13
image # 23 Energy = -286.68646
C 1.83506   0.29893   -0.47814  
C 1.26693   -0.95436  -0.54394  
C -0.06511  -1.26931  -0.12677  
C -1.04860  -0.41287  0.32333   
C -0.03357  1.58732   0.29064   
N 1.16984   1.36022   0.12135   
H 2.87119   0.49722   -0.66657  
H 1.91419   -1.77012  -0.87940  
H -0.44680  -2.28905  -0.21307  
H -2.29578  -0.80654  0.31432   
H -0.63002  2.17546   0.98594   
C -1.98267  0.52018   0.05407   
H -2.52564  1.07215   0.85243   
13
image # 24 Energy = -286.70016
C 1.85527   0.29593   -0.46753  
C 1.26744   -0.94514  -0.54588  
C -0.08787  -1.26113  -0.12937  
C -1.07742  -0.38801  0.26030   
C 0.02236   1.65072   0.27076   
N 1.21683   1.34356   0.15285   
H 2.91126   0.47950   -0.70482  
H 1.91433   -1.77656  -0.87885  
H -0.40728  -2.30051  -0.17088  
H -2.33848  -0.81034  0.31662   
H -0.57599  2.17751   0.99801   
C -2.07895  0.48591   0.06874   
H -2.58844  1.05581   0.86795   
13
image # 25 Energy = -286.71654
C 1.87354   0.29743   -0.44405  
C 1.25627   -0.92926  -0.54455  
C -0.11247  -1.25182  -0.14998  
C -1.11605  -0.36696  0.16100   
C 0.08569   1.73268   0.22620   
N 1.26470   1.34112   0.20125   
H 2.92137   0.44471   -0.74144  
H 1.87798   -1.76340  -0.86925  
H -0.34532  -2.32095  -0.10226  
H -2.39488  -0.82148  0.31870   
H -0.45512  2.21075   1.03662   
C -2.19046  0.41223   0.06539   
H -2.62813  1.01953   0.88410   
13
image # 26 Energy = -286.73065
C 1.88905   0.29565   -0.40956  
C 1.22036   -0.90123  -0.55356  
C -0.14370  -1.24032  -0.19404  
C -1.15760  -0.35463  0.01591   
C 0.19208   1.86515   0.18551   
N 1.31988   1.34359   0.23690   
H 2.92188   0.39264   -0.76410  
H 1.82249   -1.74459  -0.86400  
H -0.24957  -2.31963  0.01777   
H -2.53306  -0.84275  0.30231   
H -0.23568  2.31140   1.09192   
C -2.33739  0.27090   0.07720   
H -2.66820  0.92472   0.90240   
13
image # 27 Energy = -286.74575
C 1.89463   0.28678   -0.38522  
C 1.18832   -0.87487  -0.57571  
C -0.15842  -1.22040  -0.23843  
C -1.18871  -0.34406  -0.09182  
C 0.30256   1.98936   0.17822   
N 1.36415   1.35227   0.24018   
H 2.92068   0.34419   -0.76422  
H 1.77895   -1.73035  -0.86618  
H -0.17036  -2.28826  0.13420   
H -2.73621  -0.89014  0.26445   
H -0.02052  2.44001   1.13368   
C -2.44052  0.11597   0.10303   
H -2.69180  0.81724   0.91422   
13
image # 28 Energy = -286.76491
C 1.90269   0.27481   -0.37361  
C 1.16848   -0.85271  -0.59863  
C -0.17213  -1.19451  -0.26603  
C -1.21225  -0.34256  -0.16792  
C 0.40337   2.08985   0.18602   
N 1.40108   1.36312   0.23306   
H 2.91643   0.30100   -0.74944  
H 1.74667   -1.71801  -0.86938  
H -0.11510  -2.23787  0.22001   
H -2.96808  -0.93972  0.20715   
H 0.17112   2.56774   1.15187   
C -2.49291  -0.02735  0.14930   
H -2.70523  0.71156   0.92523   
13
image # 29 Energy = -286.78488
C 1.90825   0.26140   -0.37244  
C 1.16031   -0.83615  -0.62438  
C -0.16914  -1.16859  -0.27784  
C -1.23624  -0.35742  -0.19893  
C 0.47840   2.15350   0.19742   
N 1.43229   1.37149   0.22204   
H 2.92249   0.26781   -0.72191  
H 1.73289   -1.71203  -0.87838  
H -0.08757  -2.17903  0.27114   
H -3.19322  -0.94614  0.12097   
H 0.32131   2.68483   1.14447   
C -2.50576  -0.15926  0.21547   
H -2.71909  0.61240   0.95105   
13
image # 30 Energy = -286.79035
C 1.91314   0.25673   -0.39435  
C 1.17224   -0.83581  -0.65626  
C -0.15702  -1.13762  -0.27072  
C -1.23570  -0.37890  -0.15312  
C 0.49791   2.14735   0.22493   
N 1.44456   1.37756   0.18784   
H 2.94574   0.25504   -0.66884  
H 1.75080   -1.71748  -0.90052  
H -0.10115  -2.11440  0.27658   
H -3.36639  -0.89840  0.02225   
H 0.39161   2.78142   1.10381   
C -2.49143  -0.27548  0.28272   
H -2.72040  0.53012   0.99459   
13
image # 31 Energy = -286.79539
C 1.92351   0.25502   -0.42076  
C 1.18998   -0.84577  -0.67269  
C -0.13685  -1.13002  -0.26073  
C -1.23610  -0.37793  -0.11777  
C 0.47631   2.12445   0.24147   
N 1.44661   1.37743   0.17207   
H 2.96794   0.25993   -0.64731  
H 1.76766   -1.72298  -0.91373  
H -0.12463  -2.09166  0.27343   
H -3.39017  -0.87426  -0.01429  
H 0.37181   2.79835   1.08188   
C -2.48551  -0.29046  0.31564   
H -2.72812  0.50557   1.01200   
13
image # 32 Energy = -286.79990
C 1.93069   0.26761   -0.44622  
C 1.21091   -0.85496  -0.67919  
C -0.11962  -1.12369  -0.24856  
C -1.20670  -0.36228  -0.06702  
C 0.41386   2.05073   0.25678   
N 1.43478   1.38280   0.15485   
H 2.98512   0.28220   -0.62978  
H 1.79547   -1.73302  -0.92571  
H -0.15960  -2.09050  0.24655   
H -3.34077  -0.85828  -0.02461  
H 0.28297   2.77124   1.05735   
C -2.46210  -0.26576  0.32696   
H -2.72432  0.51928   1.02771   
13
image # 33 Energy = -286.80407
C 1.93356   0.27873   -0.47935  
C 1.23628   -0.86407  -0.68696  
C -0.09930  -1.10785  -0.23386  
C -1.17875  -0.35278  -0.01805  
C 0.35012   1.97728   0.27306   
N 1.42983   1.39083   0.13750   
H 3.00976   0.30521   -0.61654  
H 1.82084   -1.74067  -0.94041  
H -0.19556  -2.09565  0.23459   
H -3.29112  -0.84266  -0.04948  
H 0.18864   2.74373   1.03510   
C -2.43648  -0.23807  0.34336   
H -2.72879  0.52911   1.05028   
13
image # 34 Energy = -286.80627
C 1.93720   0.29368   -0.48865  
C 1.25161   -0.86612  -0.68380  
C -0.08226  -1.11132  -0.22579  
C -1.14389  -0.32710  0.01852   
C 0.29289   1.90569   0.28418   
N 1.41927   1.39806   0.12915   
H 3.01374   0.33161   -0.61368  
H 1.84192   -1.74106  -0.94610  
H -0.21465  -2.10365  0.20467   
H -3.23149  -0.84069  -0.05246  
H 0.09859   2.70028   1.01509   
C -2.41540  -0.20738  0.34923   
H -2.72992  0.54926   1.05926   
13
image # 35 Energy = -286.80962
C 1.93743   0.31100   -0.49742  
C 1.26585   -0.86525  -0.68009  
C -0.06551  -1.11215  -0.21548  
C -1.10863  -0.30166  0.05783   
C 0.23862   1.82809   0.29803   
N 1.40799   1.41391   0.12098   
H 3.01811   0.35957   -0.61340  
H 1.86130   -1.73690  -0.95314  
H -0.23110  -2.11554  0.17973   
H -3.17380  -0.83751  -0.06369  
H 0.00732   2.65316   0.99411   
C -2.39004  -0.17951  0.35545   
H -2.73104  0.56240   1.06746   
13
image # 36 Energy = -286.81588
C 1.93637   0.33406   -0.50395  
C 1.27946   -0.86187  -0.67776  
C -0.04730  -1.11789  -0.20308  
C -1.06680  -0.27070  0.10753   
C 0.18935   1.74326   0.31713   
N 1.39629   1.43252   0.10952   
H 3.02189   0.39008   -0.60942  
H 1.88362   -1.72665  -0.96208  
H -0.24053  -2.12582  0.15040   
H -3.12916  -0.83085  -0.08589  
H -0.08275  2.61050   0.96378   
C -2.37013  -0.16142  0.36046   
H -2.73458  0.56287   1.08478   
13
image # 37 Energy = -286.82665
C 1.93275   0.36143   -0.50425  
C 1.28970   -0.85307  -0.67258  
C -0.03138  -1.12321  -0.19422  
C -1.02514  -0.23180  0.15589   
C 0.14297   1.65904   0.34122   
N 1.37880   1.45636   0.10232   
H 3.02055   0.42380   -0.60371  
H 1.90596   -1.70741  -0.97126  
H -0.23986  -2.14188  0.11703   
H -3.09001  -0.82994  -0.10846  
H -0.16189  2.56911   0.93349   
C -2.35160  -0.15212  0.35959   
H -2.73578  0.54619   1.09755   
13
image # 38 Energy = -286.84956
C 1.91818   0.40673   -0.49985  
C 1.30175   -0.83636  -0.66601  
C -0.00804  -1.13635  -0.18221  
C -0.95450  -0.16724  0.22974   
C 0.06714   1.52939   0.38241   
N 1.33976   1.49397   0.09513   
H 3.01264   0.47459   -0.58376  
H 1.94153   -1.66362  -0.98794  
H -0.21724  -2.17521  0.06133   
H -3.04345  -0.82057  -0.15551  
H -0.26748  2.51765   0.88176   
C -2.32666  -0.14485  0.34784   
H -2.72914  0.49670   1.13090   
13
image # 39 Energy = -286.89743
C 1.90521   0.44366   -0.48161  
C 1.32187   -0.81827  -0.64902  
C 0.01710   -1.13763  -0.17952  
C -0.88049  -0.09966  0.27872   
C -0.02048  1.40935   0.41106   
N 1.28367   1.51095   0.09812   
H 2.99544   0.53488   -0.57092  
H 1.97741   -1.62042  -0.99742  
H -0.20141  -2.20424  -0.01251  
H -2.96262  -0.82812  -0.17043  
H -0.38990  2.43012   0.84557   
C -2.28706  -0.11868  0.33958   
H -2.72488  0.47124   1.14328   
13
image # 40 Energy = -286.91247
C 1.88655   0.48263   -0.45466  
C 1.34616   -0.79883  -0.62885  
C 0.05145   -1.13084  -0.17591  
C -0.79840  -0.02508  0.31617   
C -0.11296  1.28204   0.43396   
N 1.21490   1.51324   0.10857   
H 2.97165   0.60827   -0.56088  
H 2.01869   -1.57200  -1.00807  
H -0.18284  -2.21695  -0.09289  
H -2.86279  -0.83998  -0.18292  
H -0.53476  2.30592   0.81169   
C -2.23861  -0.08500  0.33552   
H -2.72555  0.44845   1.15434   
13
image # 41 Energy = -286.92368
C 1.88576   0.49616   -0.43334  
C 1.35632   -0.78840  -0.61195  
C 0.06321   -1.11752  -0.18185  
C -0.78490  -0.00956  0.30351   
C -0.12354  1.26220   0.44287   
N 1.19606   1.51253   0.11710   
H 2.96104   0.64433   -0.57044  
H 2.03096   -1.55703  -1.00733  
H -0.18768  -2.19773  -0.12679  
H -2.81504  -0.87598  -0.16522  
H -0.58908  2.23867   0.81336   
C -2.21695  -0.08785  0.34269   
H -2.74288  0.45127   1.13444   
13
image # 42 Energy = -286.93300
C 1.88202   0.50001   -0.41332  
C 1.36624   -0.78790  -0.59777  
C 0.07420   -1.10199  -0.18780  
C -0.77501  -0.00206  0.28533   
C -0.12772  1.25500   0.44889   
N 1.18004   1.51056   0.12682   
H 2.94917   0.67381   -0.58511  
H 2.03494   -1.54616  -1.00133  
H -0.19728  -2.17476  -0.15357  
H -2.76851  -0.90548  -0.13991  
H -0.63723  2.17529   0.81394   
C -2.19592  -0.09398  0.35518   
H -2.75212  0.46828   1.10658   
13
image # 43 Energy = -286.94041
C 1.88286   0.49743   -0.39424  
C 1.37415   -0.78945  -0.58006  
C 0.07806   -1.08613  -0.19705  
C -0.76784  0.00208   0.26335   
C -0.12093  1.25432   0.44809   
N 1.17067   1.49789   0.13513   
H 2.93343   0.69199   -0.60482  
H 2.03493   -1.55349  -0.99111  
H -0.22106  -2.14496  -0.17730  
H -2.72877  -0.92880  -0.10003  
H -0.67059  2.12683   0.81326   
C -2.17630  -0.10507  0.37743   
H -2.75647  0.50764   1.06603   
13
image # 44 Energy = -286.94482
C 1.88359   0.47908   -0.38325  
C 1.37912   -0.80740  -0.56760  
C 0.07475   -1.07298  -0.20251  
C -0.75982  0.00192   0.24306   
C -0.11565  1.25555   0.43792   
N 1.17161   1.48905   0.14165   
H 2.92522   0.69432   -0.62748  
H 2.02116   -1.57478  -0.97339  
H -0.26208  -2.11417  -0.19318  
H -2.70074  -0.94032  -0.05166  
H -0.67911  2.10278   0.81656   
C -2.16285  -0.11336  0.40337   
H -2.74357  0.57026   1.01561   
13
image # 45 Energy = -286.94154
C 1.90337   0.47941   -0.40867  
C 1.37900   -0.79761  -0.58329  
C 0.06730   -1.05533  -0.19615  
C -0.76749  0.03123   0.25889   
C -0.09220  1.25883   0.45995   
N 1.19511   1.48723   0.13072   
H 2.95423   0.67043   -0.63548  
H 2.00646   -1.59010  -0.98887  
H -0.27738  -2.08523  -0.14457  
H -2.76052  -0.95092  -0.09615  
H -0.59817  2.13886   0.83690   
C -2.18371  -0.14911  0.41701   
H -2.79411  0.53218   1.00908   
13
image # 46 Energy = -286.93941
C 1.91168   0.49785   -0.40350  
C 1.39426   -0.77581  -0.58314  
C 0.07514   -1.03796  -0.20829  
C -0.77184  0.03557   0.25026   
C -0.09381  1.26447   0.47352   
N 1.19373   1.49750   0.13868   
H 2.96333   0.69758   -0.62221  
H 2.01719   -1.57256  -0.99330  
H -0.28194  -2.05782  -0.16816  
H -2.78136  -1.01145  -0.09595  
H -0.58401  2.14214   0.85680   
C -2.19001  -0.19590  0.42057   
H -2.81879  0.48593   0.99389   
13
image # 47 Energy = -286.93662
C 1.91919   0.52276   -0.39492  
C 1.41068   -0.75206  -0.57998  
C 0.08527   -1.02430  -0.22087  
C -0.77940  0.03118   0.24212   
C -0.09878  1.27359   0.48492   
N 1.18825   1.51276   0.14775   
H 2.96913   0.73290   -0.60347  
H 2.03257   -1.54554  -0.99775  
H -0.27980  -2.03868  -0.20296  
H -2.79870  -1.07740  -0.09549  
H -0.57904  2.14511   0.87856   
C -2.19529  -0.24011  0.41631   
H -2.83830  0.42903   0.98481   
13
image # 48 Energy = -286.93227
C 1.92145   0.53854   -0.39142  
C 1.42068   -0.73410  -0.57575  
C 0.08856   -1.02370  -0.22894  
C -0.79809  0.00756   0.22977   
C -0.09609  1.29685   0.48617   
N 1.19139   1.53301   0.15189   
H 2.97628   0.75653   -0.58151  
H 2.04497   -1.52300  -1.00150  
H -0.27139  -2.03568  -0.23022  
H -2.82430  -1.12920  -0.08900  
H -0.55934  2.17451   0.90606   
C -2.20826  -0.27125  0.39678   
H -2.84786  0.37901   0.98684   
13
image # 49 Energy = -286.92783
C 1.92810   0.53593   -0.38798  
C 1.41781   -0.73769  -0.57186  
C 0.08475   -1.02419  -0.23284  
C -0.82006  -0.01244  0.21060   
C -0.08123  1.32609   0.47950   
N 1.19937   1.53667   0.15123   
H 2.97903   0.75565   -0.58053  
H 2.04244   -1.52349  -0.99636  
H -0.27592  -2.03859  -0.23773  
H -2.83946  -1.14807  -0.06165  
H -0.52986  2.20122   0.92735   
C -2.21549  -0.27684  0.38605   
H -2.84904  0.37493   0.97402   
13
image # 50 Energy = -286.93010
C 1.93082   0.52042   -0.38985  
C 1.41179   -0.75500  -0.56601  
C 0.07996   -1.02785  -0.22566  
C -0.81888  -0.01045  0.21022   
C -0.07408  1.32908   0.47022   
N 1.20299   1.52960   0.13962   
H 2.98041   0.74084   -0.59428  
H 2.03205   -1.54329  -0.98945  
H -0.29606  -2.03867  -0.23555  
H -2.82764  -1.13273  -0.03344  
H -0.52231  2.20201   0.93120   
C -2.21342  -0.25842  0.38886   
H -2.84334  0.41428   0.95499   
13
image # 51 Energy = -286.93484
C 1.93194   0.48722   -0.40153  
C 1.39497   -0.78494  -0.56954  
C 0.06371   -1.03575  -0.21365  
C -0.81283  -0.00088  0.21908   
C -0.05815  1.33039   0.45023   
N 1.21751   1.50541   0.12448   
H 2.97529   0.69352   -0.62428  
H 2.00896   -1.59214  -0.97531  
H -0.32375  -2.04735  -0.19952  
H -2.80338  -1.07803  -0.00324  
H -0.51802  2.19940   0.92314   
C -2.20989  -0.21521  0.40712   
H -2.82285  0.50854   0.92529   
13
image # 52 Energy = -286.93964
C 1.92484   0.47237   -0.40493  
C 1.38119   -0.80309  -0.57377  
C 0.06021   -1.04219  -0.21297  
C -0.80229  0.01184   0.22298   
C -0.06068  1.31573   0.44641   
N 1.21740   1.49772   0.12916   
H 2.96892   0.67940   -0.64268  
H 1.99936   -1.60622  -0.96451  
H -0.32799  -2.04753  -0.18361  
H -2.77394  -1.05494  0.01053   
H -0.53112  2.18074   0.91585   
C -2.20101  -0.18903  0.41965   
H -2.81006  0.55580   0.90135   
13
image # 53 Energy = -286.94323
C 1.90997   0.46674   -0.40547  
C 1.36544   -0.81263  -0.57998  
C 0.04883   -1.04096  -0.21505  
C -0.78983  0.02105   0.21916   
C -0.05956  1.29675   0.44383   
N 1.21992   1.48070   0.13863   
H 2.95429   0.66307   -0.65815  
H 1.99478   -1.62016  -0.95368  
H -0.32203  -2.06046  -0.16267  
H -2.74875  -1.03057  0.02281   
H -0.54341  2.16584   0.90527   
C -2.18297  -0.16457  0.42503   
H -2.80049  0.60611   0.88479   
13
image # 54 Energy = -286.94609
C 1.90038   0.46386   -0.40876  
C 1.36694   -0.81441  -0.58177  
C 0.04819   -1.04498  -0.21603  
C -0.77944  0.03978   0.22079   
C -0.07767  1.27255   0.44624   
N 1.20867   1.47549   0.15289   
H 2.93697   0.66235   -0.66632  
H 1.99181   -1.61968  -0.94618  
H -0.31965  -2.07087  -0.15992  
H -2.70790  -1.01976  0.04030   
H -0.56158  2.13747   0.89875   
C -2.16899  -0.14313  0.42113   
H -2.78985  0.63321   0.86458   
13
image # 55 Energy = -286.94541
C 1.89266   0.46504   -0.40340  
C 1.35640   -0.81589  -0.58099  
C 0.04503   -1.05456  -0.21675  
C -0.76902  0.05515   0.21226   
C -0.08243  1.24571   0.44214   
N 1.20274   1.46753   0.15770   
H 2.92664   0.66217   -0.66461  
H 1.99920   -1.62249  -0.94043  
H -0.30999  -2.07641  -0.16929  
H -2.68591  -1.00748  0.06535   
H -0.57985  2.12511   0.88454   
C -2.16733  -0.11898  0.41838   
H -2.77856  0.64823   0.86190   
13
image # 56 Energy = -286.94353
C 1.87969   0.45325   -0.39746  
C 1.34376   -0.83258  -0.58109  
C 0.03674   -1.06057  -0.21818  
C -0.76982  0.05713   0.19609   
C -0.09228  1.24267   0.42786   
N 1.19430   1.46007   0.17057   
H 2.92286   0.64817   -0.66620  
H 1.99490   -1.62255  -0.92932  
H -0.29878  -2.11188  -0.17271  
H -2.67046  -0.98440  0.11252   
H -0.56946  2.13108   0.87971   
C -2.15616  -0.08935  0.38019   
H -2.76437  0.68397   0.86562   
13
image # 57 Energy = -286.94095
C 1.88066   0.43893   -0.39070  
C 1.33294   -0.84257  -0.57790  
C 0.02485   -1.07984  -0.21995  
C -0.77719  0.05768   0.17903   
C -0.08723  1.24351   0.39939   
N 1.19879   1.44651   0.16924   
H 2.91636   0.62743   -0.65680  
H 1.99655   -1.63547  -0.91904  
H -0.29349  -2.13475  -0.18842  
H -2.66151  -0.95239  0.16706   
H -0.56431  2.14791   0.86896   
C -2.17535  -0.04970  0.35976   
H -2.73899  0.70969   0.87722   
13
image # 58 Energy = -286.93739
C 1.87746   0.42008   -0.38194  
C 1.32103   -0.86558  -0.57285  
C 0.01445   -1.09148  -0.22188  
C -0.78240  0.04595   0.16719   
C -0.08201  1.25688   0.37276   
N 1.20053   1.43892   0.16529   
H 2.92160   0.60577   -0.65051  
H 1.99418   -1.64736  -0.90755  
H -0.29520  -2.16510  -0.20859  
H -2.65344  -0.91899  0.21886   
H -0.55815  2.16058   0.85875   
C -2.18614  -0.01274  0.33064   
H -2.71885  0.75221   0.89761   
13
image # 59 Energy = -286.93349
C 1.87541   0.41038   -0.37865  
C 1.31549   -0.87450  -0.56369  
C 0.00586   -1.11151  -0.21919  
C -0.78575  0.03093   0.17309   
C -0.08281  1.25962   0.35297   
N 1.19999   1.43123   0.15803   
H 2.91937   0.59329   -0.64730  
H 1.99335   -1.66015  -0.90167  
H -0.30605  -2.18678  -0.22883  
H -2.62580  -0.89238  0.25205   
H -0.57091  2.16094   0.86106   
C -2.19079  0.03039   0.30745   
H -2.69345  0.79012   0.90204   
13
image # 60 Energy = -286.93023
C 1.88036   0.39688   -0.37428  
C 1.31911   -0.89626  -0.56029  
C 0.00503   -1.11194  -0.22112  
C -0.77725  0.02365   0.18222   
C -0.07511  1.25685   0.34099   
N 1.19871   1.43059   0.14087   
H 2.92472   0.58646   -0.62967  
H 1.99993   -1.66844  -0.89296  
H -0.32101  -2.18959  -0.26600  
H -2.61922  -0.86100  0.27812   
H -0.59697  2.14494   0.82657   
C -2.20347  0.05188   0.31423   
H -2.68028  0.81876   0.92838   
13
image # 61 Energy = -286.92532
C 1.86836   0.39255   -0.37898  
C 1.31447   -0.89970  -0.54919  
C -0.00093  -1.14147  -0.20806  
C -0.78143  -0.00874  0.21308   
C -0.08239  1.26323   0.34112   
N 1.19106   1.42930   0.12947   
H 2.92230   0.58016   -0.63148  
H 1.99787   -1.68256  -0.89358  
H -0.34322  -2.20616  -0.28388  
H -2.57725  -0.84354  0.28657   
H -0.62054  2.13556   0.84335   
C -2.18638  0.10039   0.28040   
H -2.64634  0.86471   0.91777   
13
image # 62 Energy = -286.91958
C 1.86741   0.38109   -0.38483  
C 1.31953   -0.91705  -0.54531  
C -0.00255  -1.15308  -0.20113  
C -0.77031  -0.03221  0.24863   
C -0.07447  1.26320   0.34341   
N 1.18728   1.43596   0.10418   
H 2.91507   0.57726   -0.61048  
H 2.00306   -1.69293  -0.88894  
H -0.36765  -2.20466  -0.32205  
H -2.56035  -0.82293  0.29339   
H -0.65989  2.11813   0.82193   
C -2.18549  0.13111   0.27660   
H -2.61474  0.90050   0.93078   
13
image # 63 Energy = -286.91207
C 1.85046   0.37920   -0.39357  
C 1.31682   -0.92196  -0.53980  
C -0.00529  -1.17298  -0.18685  
C -0.76316  -0.05577  0.29152   
C -0.08516  1.25721   0.36669   
N 1.16833   1.44576   0.08686   
H 2.90177   0.58136   -0.60538  
H 2.00041   -1.69791  -0.89258  
H -0.38862  -2.20859  -0.33639  
H -2.52774  -0.82030  0.28618   
H -0.68400  2.10759   0.83476   
C -2.15497  0.16032   0.24496   
H -2.57127  0.93072   0.90936   
13
image # 64 Energy = -286.90553
C 1.83239   0.37390   -0.39777  
C 1.31461   -0.92491  -0.53256  
C -0.00572  -1.18776  -0.18035  
C -0.74397  -0.06345  0.32710   
C -0.09440  1.24685   0.38884   
N 1.14897   1.45721   0.06466   
H 2.87484   0.58096   -0.59029  
H 1.99028   -1.70169  -0.89385  
H -0.40821  -2.20543  -0.35190  
H -2.50653  -0.82635  0.28786   
H -0.69189  2.10254   0.83927   
C -2.13553  0.17539   0.21367   
H -2.51803  0.95699   0.89033   
13
image # 65 Energy = -286.91539
C 1.84632   0.38043   -0.38096  
C 1.31861   -0.92399  -0.53526  
C 0.00480   -1.15105  -0.19383  
C -0.71239  -0.00353  0.28879   
C -0.06714  1.20890   0.38762   
N 1.16055   1.46085   0.05560   
H 2.88715   0.59522   -0.56740  
H 2.01639   -1.69334  -0.89110  
H -0.39467  -2.17881  -0.37971  
H -2.57215  -0.80747  0.28186   
H -0.71234  2.08081   0.78262   
C -2.17354  0.09879   0.29204   
H -2.54980  0.92068   0.92133   
13
image # 66 Energy = -286.90989
C 1.81832   0.36783   -0.38312  
C 1.31690   -0.91464  -0.52133  
C 0.00215   -1.17179  -0.19090  
C -0.70094  0.00954   0.29712   
C -0.08512  1.22136   0.39373   
N 1.14255   1.45848   0.04503   
H 2.87049   0.58729   -0.55654  
H 2.00075   -1.70490  -0.89178  
H -0.41251  -2.17570  -0.38720  
H -2.54774  -0.81051  0.28852   
H -0.69563  2.07206   0.79270   
C -2.16235  0.09821   0.27326   
H -2.50124  0.95357   0.89713   
13
image # 67 Energy = -286.90690
C 1.79007   0.36879   -0.38861  
C 1.30005   -0.92464  -0.51587  
C -0.01450  -1.20291  -0.17476  
C -0.72310  -0.04147  0.33244   
C -0.11460  1.23746   0.39952   
N 1.11143   1.45933   0.03915   
H 2.84325   0.57585   -0.55786  
H 1.97189   -1.70726  -0.88825  
H -0.42575  -2.20875  -0.38520  
H -2.47693  -0.80377  0.27842   
H -0.67996  2.10344   0.83000   
C -2.11150  0.15383   0.21131   
H -2.43106  0.98480   0.87035   
13
image # 68 Energy = -286.87056
C 1.76196   0.36764   -0.39703  
C 1.28567   -0.93161  -0.50923  
C -0.02993  -1.24189  -0.15704  
C -0.73524  -0.08292  0.37034   
C -0.14523  1.25392   0.41290   
N 1.08218   1.46307   0.03224   
H 2.81383   0.56449   -0.56202  
H 1.94154   -1.71001  -0.88674  
H -0.44007  -2.24210  -0.37930  
H -2.40605  -0.80386  0.26816   
H -0.66359  2.13063   0.87439   
C -2.06912  0.20643   0.14321   
H -2.35916  1.02130   0.83848   
13
image # 69 Energy = -286.86940
C 1.76049   0.35151   -0.37967  
C 1.27789   -0.94953  -0.51416  
C -0.05972  -1.27167  -0.18448  
C -0.77857  -0.16863  0.41014   
C -0.17513  1.28602   0.37588   
N 1.05508   1.44271   0.00865   
H 2.81400   0.53962   -0.52001  
H 1.94153   -1.72305  -0.86101  
H -0.42081  -2.28092  -0.44578  
H -2.36967  -0.76394  0.28175   
H -0.64891  2.21944   0.79149   
C -2.04034  0.30681   0.13864   
H -2.32145  1.00732   0.94402   
13
image # 70 Energy = -286.82164
C 1.73164   0.36652   -0.38253  
C 1.26041   -0.94581  -0.51141  
C -0.06098  -1.29318  -0.16790  
C -0.78035  -0.19468  0.42877   
C -0.17592  1.29291   0.39674   
N 1.04100   1.45601   0.00935   
H 2.79805   0.54293   -0.53420  
H 1.91859   -1.70914  -0.86216  
H -0.42865  -2.29515  -0.42285  
H -2.34132  -0.77587  0.26385   
H -0.65231  2.21287   0.83492   
C -2.00990  0.32420   0.08896   
H -2.26816  1.01524   0.90282   
13
image # 71 Energy = -286.80169
C 1.75142   0.34207   -0.37717  
C 1.25279   -0.94915  -0.51302  
C -0.06407  -1.28360  -0.18141  
C -0.79033  -0.22017  0.43940   
C -0.17813  1.29210   0.38928   
N 1.04352   1.44523   0.00715   
H 2.80320   0.53998   -0.52439  
H 1.93565   -1.71866  -0.85649  
H -0.41240  -2.30415  -0.45178  
H -2.35451  -0.75303  0.26146   
H -0.64393  2.25215   0.78597   
C -2.02126  0.34835   0.12043   
H -2.28932  1.00397   0.94518   
13
image # 72 Energy = -286.81000
C 1.73987   0.35867   -0.37971  
C 1.22471   -0.94167  -0.50364  
C -0.05225  -1.30731  -0.16795  
C -0.80230  -0.22339  0.43092   
C -0.15959  1.30613   0.38898   
N 1.04912   1.46895   0.00635   
H 2.78627   0.53734   -0.52600  
H 1.90953   -1.70451  -0.85234  
H -0.42448  -2.31026  -0.44018  
H -2.35032  -0.75695  0.24329   
H -0.65529  2.24288   0.81131   
C -1.99222  0.32798   0.09218   
H -2.24078  0.99735   0.94065   
13
image # 73 Energy = -286.78330
C 1.73250   0.34792   -0.37802  
C 1.23811   -0.93530  -0.50711  
C -0.07418  -1.30226  -0.17009  
C -0.81898  -0.26707  0.43565   
C -0.17555  1.31337   0.39201   
N 1.04796   1.45697   0.01148   
H 2.78187   0.53568   -0.53062  
H 1.91403   -1.70271  -0.85009  
H -0.41121  -2.31238  -0.43817  
H -2.35359  -0.76042  0.23263   
H -0.64194  2.24955   0.79269   
C -1.96185  0.37315   0.09873   
H -2.24340  0.99660   0.95531   
13
image # 74 Energy = -286.74635
C 1.76020   0.32789   -0.36552  
C 1.25993   -0.95898  -0.51858  
C -0.07181  -1.27545  -0.21687  
C -0.83528  -0.26624  0.46901   
C -0.18888  1.28951   0.39093   
N 1.03917   1.40565   0.01703   
H 2.80324   0.53748   -0.52900  
H 1.97080   -1.72374  -0.85459  
H -0.37219  -2.30056  -0.46754  
H -2.38719  -0.73482  0.23440   
H -0.61220  2.28143   0.71186   
C -1.99475  0.40845   0.15942   
H -2.33636  1.00116   1.01431   
13
image # 75 Energy = -286.79351
C 1.77110   0.32211   -0.36515  
C 1.26935   -0.96415  -0.51989  
C -0.06916  -1.26574  -0.22483  
C -0.82387  -0.23392  0.45904   
C -0.17455  1.28496   0.39028   
N 1.04791   1.40523   0.01885   
H 2.81106   0.53501   -0.53595  
H 1.97981   -1.72432  -0.85378  
H -0.37028  -2.29687  -0.46280  
H -2.40962  -0.73196  0.25070   
H -0.60577  2.27523   0.68947   
C -2.02295  0.38129   0.18151   
H -2.36644  1.00426   1.01715   
13
image # 76 Energy = -286.80092
C 1.78693   0.31422   -0.35594  
C 1.29318   -0.96905  -0.52463  
C -0.06269  -1.25379  -0.25930  
C -0.82279  -0.19579  0.42034   
C -0.16290  1.27587   0.36443   
N 1.07996   1.40126   0.02362   
H 2.84712   0.52669   -0.54070  
H 2.01011   -1.73675  -0.85328  
H -0.36272  -2.30125  -0.46462  
H -2.45246  -0.75625  0.34320   
H -0.59732  2.28211   0.64216   
C -2.07267  0.36032   0.22109   
H -2.44612  1.04070   1.02658   
13
image # 77 Energy = -286.83036
C 1.81441   0.31283   -0.35606  
C 1.30638   -0.97298  -0.52760  
C -0.05293  -1.24611  -0.27289  
C -0.81048  -0.15897  0.38355   
C -0.15429  1.26847   0.34951   
N 1.09964   1.40782   0.02702   
H 2.85530   0.52106   -0.54065  
H 2.01857   -1.73799  -0.85220  
H -0.36494  -2.30088  -0.46275  
H -2.48237  -0.77061  0.39423   
H -0.59774  2.27295   0.62544   
C -2.10740  0.32709   0.24896   
H -2.48658  1.06408   1.02214   
13
image # 78 Energy = -286.85815
C 1.81663   0.31159   -0.35284  
C 1.31357   -0.96692  -0.52656  
C -0.04300  -1.25450  -0.28405  
C -0.80244  -0.12142  0.33805   
C -0.14683  1.26651   0.33811   
N 1.12315   1.40992   0.02877   
H 2.86293   0.51881   -0.54084  
H 2.02237   -1.73674  -0.85071  
H -0.36531  -2.29780  -0.46045  
H -2.50438  -0.78254  0.42689   
H -0.59963  2.25984   0.61904   
C -2.12994  0.28753   0.28904   
H -2.51104  1.09225   1.00592   
13
image # 79 Energy = -286.87538
C 1.80958   0.32402   -0.34630  
C 1.30367   -0.97819  -0.52505  
C -0.03859  -1.25591  -0.28841  
C -0.79801  -0.10509  0.27589   
C -0.12789  1.27011   0.31929   
N 1.12033   1.41118   0.04104   
H 2.85945   0.51503   -0.53965  
H 2.02568   -1.72947  -0.84758  
H -0.36120  -2.31238  -0.46328  
H -2.50763  -0.80160  0.43929   
H -0.60113  2.25343   0.62431   
C -2.13004  0.25995   0.35842   
H -2.52037  1.13620   0.97105   
13
image # 80 Energy = -286.88711
C 1.80798   0.31486   -0.34701  
C 1.30282   -0.97297  -0.52188  
C -0.04594  -1.26084  -0.28639  
C -0.79882  -0.07702  0.22648   
C -0.14125  1.26340   0.31451   
N 1.12430   1.41841   0.04810   
H 2.84797   0.51436   -0.53665  
H 2.03248   -1.72490  -0.84642  
H -0.35327  -2.32639  -0.46822  
H -2.50500  -0.80353  0.43483   
H -0.60171  2.24179   0.62741   
C -2.11824  0.23367   0.42267   
H -2.51989  1.16808   0.93811   
13
image # 81 Energy = -286.88610
C 1.81250   0.32410   -0.34702  
C 1.30219   -0.96583  -0.51904  
C -0.04157  -1.25504  -0.28000  
C -0.80899  -0.07848  0.18391   
C -0.12660  1.29879   0.31762   
N 1.13707   1.41843   0.04995   
H 2.85843   0.49911   -0.54590  
H 2.00361   -1.72790  -0.84240  
H -0.38638  -2.30056  -0.44826  
H -2.48847  -0.86337  0.40182   
H -0.58408  2.27008   0.63732   
C -2.09690  0.21528   0.49515   
H -2.55030  1.15461   0.89386   
13
image # 82 Energy = -286.90704
C 1.83064   0.32406   -0.35209  
C 1.28868   -0.95997  -0.51442  
C -0.04289  -1.21265  -0.26680  
C -0.79774  -0.04858  0.17743   
C -0.10848  1.30534   0.31570   
N 1.16827   1.43422   0.04761   
H 2.88049   0.48872   -0.55585  
H 1.98143   -1.73698  -0.84208  
H -0.42141  -2.24900  -0.42172  
H -2.51117  -0.89615  0.39308   
H -0.57354  2.27383   0.63886   
C -2.09303  0.15930   0.50471   
H -2.57224  1.10663   0.87001   
13
image # 83 Energy = -286.92402
C 1.84640   0.32865   -0.35510  
C 1.30180   -0.95190  -0.51555  
C -0.05785  -1.18765  -0.25615  
C -0.78212  -0.01331  0.17923   
C -0.09020  1.30904   0.31287   
N 1.18399   1.43956   0.04583   
H 2.89963   0.48214   -0.56307  
H 1.96746   -1.74647  -0.84282  
H -0.44367  -2.20630  -0.40259  
H -2.53838  -0.90837  0.39352   
H -0.56601  2.26292   0.63611   
C -2.10920  0.12513   0.50855   
H -2.58721  1.05623   0.85340   
13
image # 84 Energy = -286.93557
C 1.86648   0.33619   -0.35832  
C 1.30229   -0.94204  -0.51355  
C -0.04104  -1.15312  -0.25086  
C -0.78898  0.02043   0.18776   
C -0.07575  1.31278   0.31102   
N 1.20194   1.43960   0.04232   
H 2.91949   0.47658   -0.57000  
H 1.95737   -1.76043  -0.84534  
H -0.47191  -2.17495  -0.38552  
H -2.57020  -0.91714  0.39671   
H -0.55960  2.24936   0.63278   
C -2.11444  0.09521   0.50724   
H -2.60747  1.00997   0.84141   
13
image # 85 Energy = -286.94427
C 1.88729   0.34214   -0.36195  
C 1.31689   -0.94105  -0.51672  
C -0.03199  -1.12006  -0.24433  
C -0.76948  0.03489   0.18653   
C -0.06848  1.31004   0.30939   
N 1.23289   1.43867   0.03562   
H 2.94533   0.47277   -0.57776  
H 1.93695   -1.76468  -0.84327  
H -0.49652  -2.12547  -0.36550  
H -2.61209  -0.92211  0.40306   
H -0.55949  2.24089   0.63183   
C -2.13036  0.05373   0.50417   
H -2.63910  0.97529   0.83595   
13
image # 86 Energy = -286.94835
C 1.90868   0.33301   -0.36890  
C 1.32144   -0.93004  -0.51526  
C -0.02382  -1.10700  -0.24271  
C -0.76408  0.05859   0.19078   
C -0.04345  1.29266   0.30013   
N 1.23544   1.44184   0.03628   
H 2.96398   0.47205   -0.58274  
H 1.92636   -1.76992  -0.84307  
H -0.50708  -2.07540  -0.34956  
H -2.64966  -0.91978  0.41067   
H -0.56309  2.23057   0.63099   
C -2.13660  0.02365   0.49997   
H -2.66174  0.94631   0.83161   
13
image # 87 Energy = -286.95147
C 1.92645   0.33419   -0.37257  
C 1.32713   -0.92487  -0.51526  
C -0.02092  -1.06327  -0.23319  
C -0.76810  0.07028   0.19456   
C -0.03576  1.29338   0.29905   
N 1.25544   1.42915   0.02931   
H 2.98402   0.47233   -0.58775  
H 1.91916   -1.77460  -0.84351  
H -0.51691  -2.02551  -0.33407  
H -2.69575  -0.91504  0.42078   
H -0.55976  2.19322   0.62243   
C -2.13828  0.01278   0.49893   
H -2.67671  0.89796   0.82131   
