# Energy profile
1         0.00000   0.00000   -286.92435          0.00000             
2         0.11401   0.00841   -286.92109          2.04225             
3         0.21332   0.01574   -286.91747          4.31446             
4         0.33806   0.02494   -286.90908          9.58318             
5         0.44801   0.03305   -286.89844          16.26085            
6         0.56366   0.04158   -286.88240          26.32054            
7         0.68326   0.05041   -286.86083          39.86002            
8         0.79614   0.05874   -286.83343          57.05130            
9         0.94537   0.06975   -286.84024          52.77596            
10        1.12805   0.08322   -286.83817          54.08060            
11        1.24272   0.09168   -286.81713          67.27795            
12        1.38336   0.10206   -286.79469          81.35898            
13        1.50230   0.11084   -286.75314          107.43499           
14        1.69840   0.12530   -286.78530          87.25366            
15        1.77248   0.13077   -286.70993          134.54864           
16        1.87318   0.13820   -286.71250          132.93580           
17        1.98448   0.14641   -286.68210          152.01110           
18        2.21074   0.16310   -286.71920          128.72980           
19        2.24667   0.16575   -286.68296          151.47287           
20        2.36604   0.17456   -286.67390          157.15945           
21        2.46981   0.18221   -286.67143          158.70694           
22        2.68467   0.19807   -286.68460          150.44314           
23        2.87365   0.21201   -286.68646          149.27482           
24        3.08478   0.22759   -286.70016          140.67901           
25        3.37851   0.24926   -286.71654          130.40426           
26        3.85649   0.28452   -286.73065          121.54580           
27        4.33635   0.31992   -286.74575          112.07063           
28        4.78088   0.35272   -286.76491          100.05050           
29        5.16937   0.38138   -286.78488          87.52008            
30        5.48800   0.40489   -286.79035          84.08795            
31        5.60342   0.41340   -286.79539          80.92070            
32        5.78634   0.42690   -286.79990          78.08983            
33        5.97546   0.44085   -286.80407          75.47784            
34        6.15239   0.45390   -286.80627          74.09624            
35        6.33255   0.46720   -286.80962          71.99253            
36        6.51753   0.48084   -286.81588          68.06795            
37        6.69912   0.49424   -286.82665          61.30967            
38        6.98558   0.51537   -286.84956          46.93259            
39        7.28578   0.53752   -286.89743          16.89166            
40        7.62955   0.56288   -286.91247          7.45257             
41        7.76777   0.57308   -286.92368          0.42194             
42        7.89662   0.58259   -286.93300          -5.42936            
43        8.02527   0.59208   -286.94041          -10.07650           
44        8.15869   0.60192   -286.94482          -12.84727           
45        8.33235   0.61473   -286.94154          -10.78712           
46        8.45421   0.62372   -286.93941          -9.44920            
47        8.58772   0.63357   -286.93662          -7.70310            
48        8.70990   0.64259   -286.93227          -4.96889            
49        8.79025   0.64852   -286.92783          -2.18468            
50        8.86748   0.65421   -286.93010          -3.61166            
51        9.04125   0.66704   -286.93484          -6.58226            
52        9.13500   0.67395   -286.93964          -9.59296            
53        9.23084   0.68102   -286.94323          -11.85112           
54        9.31815   0.68746   -286.94609          -13.64493           
55        9.38834   0.69264   -286.94541          -13.21804           
56        9.49140   0.70025   -286.94353          -12.03742           
57        9.60239   0.70843   -286.94095          -10.41865           
58        9.72053   0.71715   -286.93739          -8.18175            
59        9.82152   0.72460   -286.93349          -5.73746            
60        9.92062   0.73191   -286.93023          -3.69243            
61        10.04429  0.74104   -286.92532          -0.60714            
62        10.15648  0.74931   -286.91958          2.99033             
63        10.27430  0.75801   -286.91207          7.70615             
64        10.38315  0.76604   -286.90553          11.80858            
65        10.58190  0.78070   -286.91539          5.62299             
66        10.68109  0.78802   -286.90989          9.07459             
67        10.87127  0.80205   -286.90690          10.94663            
68        11.06352  0.81623   -286.87056          33.74998            
69        11.32919  0.83583   -286.86940          34.48199            
70        11.46148  0.84559   -286.82164          64.44992            
71        11.57521  0.85398   -286.80169          76.96905            
72        11.67914  0.86165   -286.81000          71.75317            
73        11.76748  0.86817   -286.78330          88.51148            
74        11.98037  0.88387   -286.74635          111.69451           
75        12.06132  0.88985   -286.79351          82.10184            
76        12.24952  0.90373   -286.80092          77.45061            
77        12.36988  0.91261   -286.83036          58.97728            
78        12.47959  0.92070   -286.85815          41.54312            
79        12.60328  0.92983   -286.87538          30.72553            
80        12.71065  0.93775   -286.88711          23.36714            
81        12.86076  0.94883   -286.88610          24.00028            
82        13.00031  0.95912   -286.90704          10.85852            
83        13.11254  0.96740   -286.92402          0.20501             
84        13.22069  0.97538   -286.93557          -7.04395            
85        13.34037  0.98421   -286.94427          -12.49848           
86        13.44001  0.99156   -286.94835          -15.06104           
87        13.55439  1.00000   -286.95147          -17.01733           
