$energy
  -286.870787223119     
$gradient
            -0.57772254242403E-05  -0.52982125195111E-04  -0.11552827679232E-04
             0.28517930740116E-04  -0.12657473025049E-04   0.40681676553245E-04
            -0.27950068734295E-04  -0.39630709864305E-04  -0.39465055142809E-05
            -0.10618712599220E-05   0.39474668635971E-04  -0.12981003656529E-04
            -0.34920727059254E-05  -0.32376381549626E-04   0.59139931141858E-04
            -0.38341623952998E-05  -0.37717454224262E-04  -0.81600058641822E-04
            -0.41717174457473E-04   0.24457542295853E-04  -0.16096405917671E-04
            -0.48147662118914E-05   0.22065736573373E-04   0.30658153336256E-04
             0.17202436076322E-04   0.43918850049673E-04  -0.60653633556090E-05
             0.55112618306263E-05   0.14923546557702E-04   0.23802235303169E-04
             0.13307552850651E-04   0.22921324048630E-04  -0.12257775630638E-04
             0.14104729555098E-04   0.51118964502883E-04   0.29108818907150E-04
             0.10003433861823E-04  -0.43516486658596E-04  -0.38890844697439E-04
$end
