$hessian approximate
Dimension     39
  0.998122883332010     
 -6.862091980445393E-003   1.03336305413692     
 -7.956483284968032E-003  1.010463637087705E-002  0.992553225913912     
  1.834040565885523E-003 -2.143334535384114E-002 -1.109312842893652E-002
   1.01175407717616     
 -6.182411716250719E-003  7.799250845902474E-003 -5.821445795970343E-003
 -8.594477891986252E-003  0.995449351585012     
 -1.561283261975525E-002  5.926051436934893E-003 -2.393422616408971E-002
 -1.507514914981078E-002 -1.865398111804163E-002  0.938049474418245     
 -1.161644369691360E-003  1.072138902806373E-002  5.112463960646928E-003
 -6.070809235136415E-003  3.959125847623019E-003  6.471926088934351E-003
   1.00311423764978     
 -4.082114576969326E-003  1.920243040810990E-002  5.578853087541096E-003
 -1.243995139967732E-002  4.304369405077650E-003  2.830527466359357E-003
  6.212867729688844E-003   1.01104680127489     
 -7.973770072920250E-003  2.824203083839865E-003 -1.235933909133859E-002
 -7.601753585660292E-003 -9.632184726276877E-003 -3.185741467197169E-002
  3.253517689446523E-003  1.327465357810023E-003  0.983619123581874     
 -2.550551797004325E-003  8.131935947085894E-003  8.935322539410091E-004
 -5.911492860058388E-003  6.786692823906055E-004 -2.398544797535535E-003
  2.891844161025685E-003  4.645020518012086E-003 -1.285413177805517E-003
   1.00174767710317     
  1.263301226579804E-003 -7.465804694739038E-003 -2.747824068777410E-003
  4.583103587235205E-003 -2.124316395685434E-003 -2.517799350539194E-003
 -2.312779699845116E-003 -4.307992275451584E-003 -1.244054123243425E-003
 -1.892410254556663E-003   1.00164811668815     
 -6.063604437669183E-003 -7.456689739979585E-003 -1.583846931914740E-002
 -1.157037571276550E-003 -1.232010848182544E-002 -3.457821720814486E-002
  1.456166071540010E-005 -4.598042661007162E-003 -1.771067607466633E-002
 -3.845857875135050E-003  1.039625978562959E-003  0.984114897354325     
 -3.970079501847091E-003  1.083504951711354E-002  1.686309215557739E-004
 -8.324066422124554E-003  1.083334380434604E-004 -5.698225105570820E-003
  4.034530187981163E-003  6.166011111972073E-003 -2.997945468270482E-003
  2.175980821229792E-003 -2.568793394476514E-003 -6.445035481663587E-003
   1.00259652730973     
 -7.955824833339150E-003  1.777724648923677E-002 -2.300970221185793E-003
 -1.478632019195277E-002 -1.829879295692999E-003 -1.566109633270786E-002
  7.077118602215905E-003  1.005854344766878E-002 -8.160648211260609E-003
  3.185163336677115E-003 -4.334051728967549E-003 -1.390597894920621E-002
  3.496482830351757E-003   1.00385139501740     
 -1.515986931481133E-002 -2.689373347269307E-003 -2.890136117659974E-002
 -1.057296188529964E-002 -2.250438779117030E-002 -6.925438237835765E-002
  4.121882574935332E-003 -2.181339498303007E-003 -3.555207461549083E-002
 -4.850641247742793E-003 -6.990923704998573E-004 -3.570000409767232E-002
 -9.194732709615974E-003 -2.197629442626272E-002  0.925137459146796     
 -2.402576438851393E-003 -7.108903368040584E-004 -4.771242005460763E-003
 -1.538586199679833E-003 -3.714617461748565E-003 -1.128246385487633E-002
  5.803460123071483E-004 -5.119102084227881E-004 -5.790113473770835E-003
 -8.537607397175420E-004 -5.193934212093283E-005 -5.729475018805649E-003
 -1.580663651715896E-003 -3.711096440306042E-003 -1.212123373047895E-002
  0.998039679738714     
 -9.214015861878793E-003  2.039306057258004E-002 -2.796020077031216E-003
 -1.703056661423394E-002 -2.221007780608898E-003 -1.834869716250515E-002
  8.146252185777348E-003  1.153506814105741E-002 -9.558235857303792E-003
  3.630469101456746E-003 -4.979028719741749E-003 -1.615439834580776E-002
  3.964609708451848E-003  4.303654692174294E-003 -2.562825136323308E-002
 -4.325010284428331E-003   1.00480329075573     
 -6.898846888624753E-003 -2.755686238779685E-002 -3.080899255040130E-002
  7.865624371162009E-003 -2.393736270977817E-002 -5.989993869938223E-002
 -4.867808943124827E-003 -1.636722712889375E-002 -3.058394537373504E-002
 -1.007185048925360E-002  5.126107109443495E-003 -2.287334526997440E-002
 -1.560452705522178E-002 -3.111326449784693E-002 -5.782449513547046E-002
 -9.152797357365719E-003 -3.602591731766724E-002  0.974738555831639     
 -5.860427997822978E-003  1.947921851393511E-002  2.585730474716883E-003
 -1.396532600633356E-002  1.972559867875541E-003 -4.654894024872085E-003
  6.848052376651995E-003  1.113671460167603E-002 -2.518945334604965E-003
  4.252902357368472E-003 -4.512446545104104E-003 -8.636741268477313E-003
  5.344287990222909E-003  7.955481573520586E-003 -1.042870021844886E-002
 -1.851984376986823E-003  9.076730454748405E-003 -2.317395365054994E-002
   1.01032785822692     
  4.468054314256809E-003 -2.159028564472313E-002 -6.490091452187795E-003
  1.389162685320941E-002 -5.009025818210146E-003 -3.715100287148228E-003
 -6.946837023195802E-003 -1.242539526443897E-002 -1.766082643500969E-003
 -5.255123000090309E-003  4.833624586766270E-003  4.888709399228528E-003
 -6.997203757764057E-003 -1.146842337777235E-002  1.871194647996200E-003
  4.812591450183223E-004 -1.315520357709535E-002  1.793753793872176E-002
 -1.259018247726579E-002   1.01397152754183     
  1.435832620331231E-002 -2.976725436509146E-003  2.366938841308623E-002
  1.267322963210048E-002  1.844144735128704E-002  5.963854243276068E-002
 -5.318553314583203E-003 -1.159132849114680E-003  3.065055414768951E-002
  2.944438946434847E-003  1.804175128455449E-003  3.242224529767296E-002
  6.312942719240656E-003  1.638556599941438E-002  6.592091216224198E-002
  1.071746587983918E-002  1.916252138252936E-002  5.498803085794888E-002
  6.011615607116107E-003  1.811892231743863E-003  0.942806518633837     
  1.199963503826058E-003  3.634242435907599E-003  4.581747256274710E-003
 -8.102051030461033E-004  3.560820454865751E-003  9.169624072548677E-003
  5.499080806552247E-004  2.170231928625842E-003  4.685705909750719E-003
  1.405752432802437E-003 -6.520185330607341E-004  3.686853435206079E-003
  2.211598587134403E-003  4.482587379541138E-003  9.012286313129328E-003
  1.431955711756021E-003  5.194013858490477E-003  4.440234186828869E-003
  3.219785001218356E-003 -2.368046223390824E-003 -8.464672936443351E-003
  0.999242598498099     
 -3.682847690818539E-004 -1.202884215404081E-002 -8.723865640523236E-003
  5.502555366178744E-003 -6.769124016141517E-003 -1.457779831214647E-002
 -2.963576647085331E-003 -7.037902588845977E-003 -7.408176391465406E-003
 -3.690787477094397E-003  2.456425248801834E-003 -3.878135856714552E-003
 -5.411776703774060E-003 -1.012560473579788E-002 -1.261166199053435E-002
 -1.946700934603654E-003 -1.169118959508150E-002 -9.263945203083117E-004
 -8.625547736360595E-003  7.807907221041746E-003  1.295444285649157E-002
  3.729459900234970E-004   1.00188016725827     
 -7.217147703937374E-003 -7.346519051606837E-003 -1.782654274671159E-002
 -2.113108597355245E-003 -1.386877218231449E-002 -3.950858325057886E-002
  4.088226664637535E-004 -4.580222556880640E-003 -2.024368779011135E-002
 -4.120933072352739E-003  9.213449286749131E-004 -1.852235537594880E-002
 -7.008151399357799E-003 -1.532579830713884E-002 -4.111242797244959E-002
 -6.608325477830897E-003 -1.781323948042998E-002 -2.728590863468934E-002
 -9.209973113986683E-003  4.826829459862383E-003  3.713954760694727E-002
  4.368562858239848E-003 -4.895318443899907E-003  0.978451856673023     
  1.641319597307759E-002 -1.346715625118714E-002  2.030841601431519E-002
  1.933209967361030E-002  1.584599685480695E-002  5.732525793568798E-002
 -8.657087689986645E-003 -7.201146398422295E-003  2.953143840963864E-002
  3.600486542940278E-004  4.143156677995528E-003  3.452938770053883E-002
  2.851611684026300E-003  1.066142542081500E-002  6.627536557559865E-002
  1.086132027956392E-002  1.259337180789015E-002  6.325998268593205E-002
 -1.712378662944124E-004  8.601437014931650E-003 -5.582781343831714E-002
 -9.546521721575959E-003  1.664785298052553E-002  3.917669847727873E-002
  0.948833174316056     
  7.409060778467799E-003 -2.098496060779277E-002 -8.271956454706225E-004
  1.590253523236636E-002 -5.997112195086562E-004  9.810311442334789E-003
 -7.725074116725832E-003 -1.195341357754405E-002  5.176726501047097E-003
 -4.289137312561747E-003  4.951966624528739E-003  1.183552756813263E-002
 -5.177179608321596E-003 -7.138017512298195E-003  1.646989695330521E-002
  2.844315977414831E-003 -8.106001291477680E-003  2.915211652705227E-002
 -1.050852438882760E-002  1.355428118593840E-002 -1.105605163240302E-002
 -4.117500937356973E-003  1.023928561072600E-002  1.282984322784409E-002
 -4.361016012998209E-003   1.01029038454504     
  2.773362601783793E-002  1.666480182512954E-002  6.074758527971696E-002
  1.368815337598884E-002  4.727844591476155E-002  0.139354369384947     
 -4.532904511361290E-003  1.084780269863086E-002  7.146421541973547E-002
  1.238145555393755E-002 -1.149271472136310E-003  6.826579432819518E-002
  2.191451105708044E-002  4.962007041332893E-002  0.147550044754957     
  2.379674843766363E-002  5.775087080802040E-002  0.105315130458318     
  2.729754325456385E-002 -1.104374730267771E-002 -0.131741901640217     
 -1.663836425330898E-002  2.092532776911891E-002  7.903684732283248E-002
 -0.136007789276799      -3.978953535054001E-002  0.713046508442118     
  7.786726028408365E-003  4.779497919428940E-003  1.712342213481852E-002
  3.794795730273045E-003  1.332659067489065E-002  3.923468441918329E-002
 -1.246947234829082E-003  3.104425404334907E-003  2.011989761658228E-002
  3.506350634777892E-003 -3.434670361483484E-004  1.919218337202933E-002
  6.196508656140322E-003  1.401236242992226E-002  4.151810158488219E-002
  6.695261487487954E-003  1.630764672797559E-002  2.956514113147578E-002
  7.734652427466353E-003 -3.165975334088589E-003 -3.708438099046312E-002
 -4.672821405685074E-003  5.856793995042502E-003  2.222379866500819E-002
 -3.831307659312666E-002 -1.125433845804021E-002 -8.071321714684952E-002
  0.977297531696283     
  1.758919799530812E-002 -2.839556408137663E-003  2.953650779988629E-002
  1.513643171268908E-002  2.301081746290329E-002  7.392808782462677E-002
 -6.308660944649196E-003 -9.487992378139267E-004  3.798890999430199E-002
  3.847997528242940E-003  2.043305006163936E-003  3.992090534469630E-002
  8.083441556945341E-003  2.071959990209191E-002  8.148228613077475E-002
  1.324053059263342E-002  2.422103849701851E-002  6.732902195968868E-002
  7.929069530109033E-003  1.695992828724182E-003 -7.082880676622713E-002
 -1.037975913156820E-002  1.572192573851590E-002  4.575942584549959E-002
 -6.940439353654393E-002 -1.420754403820184E-002 -0.162555813381400     
 -4.575603616859893E-002  0.912306506706251     
  2.296620851462755E-003  9.312527878642827E-004  4.729604745572893E-003
  1.349554810264642E-003  3.681719987055910E-003  1.105621780160995E-002
 -4.902915167220487E-004  6.362976986877012E-004  5.672461512341294E-003
  8.912843616039572E-004 -2.391966345048413E-006  5.540149277688639E-003
  1.620119611073285E-003  3.749244831658783E-003  1.181376302456995E-002
  1.908631706696000E-003  4.367157976046787E-003  8.739086784392688E-003
  1.946462180058885E-003 -6.233578655978850E-004 -1.048368500803559E-002
 -1.372045612297467E-003  1.814844674192184E-003  6.398876844980891E-003
 -1.069872382150589E-002 -2.925896466885900E-003 -2.311214510749808E-002
 -6.502001084185825E-003 -1.294575462474567E-002  0.998143394448872     
  1.369386258524790E-003  1.258254062213842E-004  2.532129959995117E-003
  1.011428337660676E-003  1.971906174178841E-003  6.129500301987755E-003
 -4.023175145382153E-004  1.286678911479361E-004  3.147346969831199E-003
  4.031830834210233E-004  8.735976532394556E-005  3.195298386896700E-003
  7.797706055960771E-004  1.891223161855958E-003  6.656662636032083E-003
  1.078734347038969E-003  2.206646978082379E-003  5.227950998089485E-003
  8.600699269020360E-004 -9.304165903518112E-005 -5.843486514345072E-003
 -8.125695094862543E-004  1.160610515288486E-003  3.675531301502070E-003
 -5.839435508041647E-003 -1.391409833346093E-003 -1.315840860202409E-002
 -3.702860732403074E-003 -7.225751478534458E-003 -1.052178174466063E-003
  0.999408483456652     
  3.927657417285746E-004 -1.746281673108424E-002 -1.100707726186340E-002
  8.714326998417218E-003 -8.535886856390826E-003 -1.710388072697731E-002
 -4.596652493276277E-003 -1.017985550893247E-002 -8.669851136032683E-003
 -5.110476778104778E-003  3.642886856646681E-003 -3.487485668979141E-003
 -7.365376709267188E-003 -1.348728476014460E-002 -1.387755364878270E-002
 -2.107306533456373E-003 -1.555701326393921E-002  2.199165813379316E-003
 -1.199924922033771E-002  1.132737259370124E-002  1.492989937268374E-002
 -7.795822543209870E-006  3.531126345057607E-003 -4.645245271491362E-003
  2.032078093755486E-002  1.399258329740352E-002  2.159019062231381E-002
  6.029332428938154E-003  1.802845633505415E-002  1.932984063713525E-003
  1.291419557008717E-003   1.00602846831442     
  1.871214187261935E-004 -4.540858322017313E-003 -2.710252112399326E-003
  2.332520966696061E-003 -2.101263738803832E-003 -4.075516379471491E-003
 -1.222237669183764E-003 -2.643642792635082E-003 -2.063355391255463E-003
 -1.306186747156044E-003  9.542968037639796E-004 -7.105015722871309E-004
 -1.870210375298032E-003 -3.395983245571371E-003 -3.202483661277138E-003
 -4.820904011464870E-004 -3.915562363898116E-003  8.966326176852348E-004
 -3.072251304350408E-003  2.944750474622171E-003  3.526960295584625E-003
 -5.235847131941927E-005  9.916593983591382E-004 -9.823265944219725E-004
  4.931408590831415E-003  3.558558355858896E-003  4.808747080418347E-003
  1.341155932160863E-003  4.248448360376320E-003  4.383283135705870E-004
  2.997477485077242E-004  1.650259904118741E-003   1.00044841912384     
 -3.543567531942376E-003 -4.422590705015558E-003 -9.299513752008564E-003
 -6.449260841400076E-004 -7.233623542148318E-003 -2.027745396634661E-002
 -8.111511778976501E-006 -2.724988679946227E-003 -1.038561602062889E-002
 -2.266901573321888E-003  6.209757360323837E-004 -9.299581002043122E-003
 -3.794623946584513E-003 -8.178684767238350E-003 -2.092161980499501E-002
 -3.357266214882537E-003 -9.500672327403717E-003 -1.336457682268505E-002
 -5.092728574659538E-003  2.899072511533262E-003  1.900913727835088E-002
  2.155430906380196E-003 -2.254518215331028E-003 -1.084559534284784E-002
  2.026054117550781E-002  6.970056444084262E-003  3.998857556966955E-002
  1.124220526302880E-002  2.340431390723550E-002  3.245949515569796E-003
  1.872750097776199E-003 -2.017098757886046E-003 -4.094147193925641E-004
  0.994555855444185     
  7.756906934726757E-003 -3.640075667709249E-002 -1.054200094672868E-002
  2.359623182112802E-002 -8.133446343489175E-003 -5.283716707137015E-003
 -1.178325504044118E-002 -2.093992415820451E-002 -2.474309861877700E-003
 -8.800256123469258E-003  8.167920990299189E-003  8.759440783496763E-003
 -1.167858080826813E-002 -1.904283443780914E-002  4.224450084774491E-003
  9.849003493267981E-004 -2.183768416340234E-002  3.109777651361232E-002
 -2.110056946811316E-002  2.355383083525659E-002  2.119053773014775E-003
 -4.125046819547122E-003  1.335745638614648E-002  8.732096888295024E-003
  1.357307782355553E-002  2.264167937796214E-002 -2.074080614433689E-002
 -5.934764158724357E-003  1.701789243270259E-003 -1.220348266608025E-003
 -2.518482976553442E-004  1.931547499785689E-002  5.015626628984293E-003
  5.190923510952538E-003   1.03969286995284     
  5.265587967169989E-003  6.244569075922353E-003  1.359927503281311E-002
  1.115855597900639E-003  1.057866458427146E-002  2.977872249594835E-002
 -7.174102276447027E-005  3.858173645677607E-003  1.525357989439962E-002
  3.270795272053751E-003 -8.550938243623515E-004  1.373642592806214E-002
  5.496740866022372E-003  1.189083196703387E-002  3.079342636345588E-002
  4.943562635828333E-003  1.381485505731976E-002  1.987226607898649E-002
  7.338589443943791E-003 -4.095588513178468E-003 -2.793624367485718E-002
 -3.198664844400617E-003  3.409919891195745E-003  1.600951197895194E-002
 -2.969499418128080E-002 -1.008809468610474E-002 -5.894700989274553E-002
 -1.657282975296185E-002 -3.440193313483483E-002 -4.781552892921973E-003
 -2.755505122322270E-003  3.103120705091761E-003  6.376228996467182E-004
  8.042001850551197E-003 -7.350959919969325E-003  0.988122736385947     
 -7.237348034534252E-003 -1.081108406758776E-002 -2.018570547383240E-002
 -4.610296159532025E-004 -1.569887195850600E-002 -4.333142926462562E-002
 -4.720008906132024E-004 -6.603827879873094E-003 -2.218434944411735E-002
 -5.161032258878997E-003  1.635957796254153E-003 -1.944095190498926E-002
 -8.521382293464125E-003 -1.812991845665975E-002 -4.433453975503822E-002
 -7.102459952690200E-003 -2.104947568270979E-002 -2.722457220764384E-002
 -1.164590343926604E-002  7.074959588679437E-003  4.051175090024110E-002
  4.425125022883170E-003 -4.279566385657265E-003 -2.273017926352790E-002
  4.361536757261564E-002  1.569821218527917E-002  8.425007051236427E-002
  2.368167403921121E-002  4.984361840453226E-002  6.856617170678344E-003
  3.973377149038887E-003 -3.544669382029682E-003 -6.772049778524400E-004
 -1.137865745242065E-002  1.257228019660568E-002  1.682060129388676E-002
  0.976284270144920     
 -4.214543253315779E-003  2.023798046614289E-002  6.036493851912400E-003
 -1.304215012031648E-002  4.658608427201803E-003  3.367091827395507E-003
  6.520082572245735E-003  1.164606993516487E-002  1.596238014184397E-003
  4.918935232337618E-003 -4.533052187055337E-003 -4.643369370767213E-003
  6.544982819436459E-003  1.071565630066118E-002 -1.879873380657574E-003
 -4.715345224908286E-004  1.229101573364209E-002 -1.691469730047238E-002
  1.178674529492098E-002 -1.309620311184686E-002 -1.588281411691428E-003
  2.235325420122488E-003 -7.341630719070050E-003 -4.594425056562253E-003
 -7.953387319650271E-003 -1.268053239562982E-002  1.060166359994876E-002
  3.037931575116484E-003 -1.453532036210190E-003  6.042471709609568E-004
  9.839181944685464E-005 -1.064351162027380E-002 -2.766289463320802E-003
 -2.753165114970275E-003 -2.207637600503779E-002  3.891535152076568E-003
 -6.707614358597520E-003   1.01227550721309     
  1.704127184519672E-002  9.871513843988126E-003  3.708010383511440E-002
  8.588200382269767E-003  2.885922875287302E-002  8.523095228564156E-002
 -2.879637621686971E-003  6.450487612738016E-003  4.371055848610406E-002
  7.497921055568242E-003 -6.300228033842759E-004  4.185405672312514E-002
  1.330588247042022E-002  3.019432106667482E-002  9.033162362034687E-002
  1.457133266424645E-002  3.514491684393962E-002  6.472692295657831E-002
  1.651551804172793E-002 -6.546946178159804E-003 -8.060086957758575E-002
 -1.021890790476250E-002  1.292515652435569E-002  4.844519193319546E-002
 -8.310863476836709E-002 -2.414620689094767E-002 -0.175788185852948     
 -4.944595588754578E-002 -9.946128541459659E-002 -1.415449974858209E-002
 -8.054589893268918E-003  1.338547316929623E-002  2.987725363599792E-003
  2.451770721144792E-002 -1.233630297838278E-002 -3.613876059089356E-002
  5.166989239716074E-002  6.289666451692188E-003  0.892315180551365     
$end
