#perp_grad magnitudes
1         0.00000   0.00000   0.00000   
2         0.10107   0.03010   0.04319   
3         0.21299   0.06343   0.01631   
4         0.32345   0.09633   0.05033   
5         0.45680   0.13604   0.08334   
6         0.56410   0.16800   0.04060   
7         0.68931   0.20529   0.05660   
8         0.81053   0.24139   0.04289   
9         0.92816   0.27642   0.05424   
10        1.04682   0.31176   0.08010   
11        1.14933   0.34229   0.06227   
12        1.25860   0.37483   0.05289   
13        1.57535   0.46917   0.08239   
14        1.86229   0.55462   0.14395   
15        2.02719   0.60373   0.06709   
16        2.14243   0.63805   0.03827   
17        2.24402   0.66831   0.03665   
18        2.34686   0.69894   0.03094   
19        2.46487   0.73408   0.06571   
20        2.57798   0.76777   0.02835   
21        2.70366   0.80520   0.03067   
22        2.81287   0.83772   0.04797   
23        2.91610   0.86847   0.06678   
24        3.04783   0.90770   0.05787   
25        3.15673   0.94013   0.03008   
26        3.25368   0.96900   0.07636   
27        3.35776   1.00000   0.00000   
