#perp_grad magnitudes
1         0.00000   0.00000   0.00000   
2         0.07458   0.04272   0.10754   
3         0.14890   0.08530   0.18800   
4         0.22989   0.13170   0.06169   
5         0.29736   0.17034   0.04974   
6         0.37167   0.21291   0.06869   
7         0.43579   0.24964   0.07184   
8         0.49280   0.28230   0.05325   
9         0.56500   0.32366   0.09315   
10        0.62555   0.35835   0.03589   
11        0.69292   0.39694   0.03933   
12        0.76320   0.43720   0.03133   
13        0.84616   0.48473   0.10744   
14        0.89725   0.51400   0.04751   
15        0.96520   0.55292   0.04913   
16        1.05137   0.60228   0.06369   
17        1.12775   0.64604   0.06906   
18        1.20473   0.69014   0.04780   
19        1.26345   0.72377   0.05010   
20        1.32622   0.75974   0.16173   
21        1.41093   0.80826   0.12885   
22        1.48294   0.84951   0.06543   
23        1.55671   0.89177   0.06519   
24        1.62456   0.93064   0.12079   
25        1.68030   0.96257   0.09823   
26        1.74564   1.00000   0.00000   
