13
image # 1 Energy = -286.85164
C 1.51968   0.34407   -0.26495  
C 0.62247   -0.89392  -0.06471  
C -0.39537  -0.52067  -1.14729  
C -1.00233  0.50919   0.80868   
C -0.58617  0.89541   -0.61987  
N 0.85309   1.38651   -0.57663  
H 2.60046   0.35783   -0.13445  
H 1.10229   -1.87266  -0.07677  
H -1.22131  -1.17425  -1.42320  
H -1.72714  1.04400   1.41253   
H -1.23217  1.59294   -1.15088  
C -0.27221  -0.56591  1.14756   
H -0.26129  -1.10254  2.08998   
13
image # 2 Energy = -286.85022
C 1.52330   0.34749   -0.27010  
C 0.62171   -0.89197  -0.05960  
C -0.39591  -0.52254  -1.14670  
C -1.00569  0.53102   0.81681   
C -0.58126  0.89746   -0.61688  
N 0.85482   1.39015   -0.58670  
H 2.60705   0.36727   -0.14721  
H 1.11475   -1.86690  -0.07086  
H -1.22216  -1.18806  -1.40277  
H -1.71972  1.05275   1.41565   
H -1.23191  1.58937   -1.15190  
C -0.26678  -0.57200  1.15743   
H -0.29994  -1.13547  2.06272   
13
image # 3 Energy = -286.84976
C 1.54791   0.33594   -0.26875  
C 0.62426   -0.88020  -0.05926  
C -0.40166  -0.53017  -1.13960  
C -0.98322  0.52374   0.81471   
C -0.57866  0.89895   -0.61237  
N 0.84454   1.40643   -0.59857  
H 2.60320   0.37386   -0.15868  
H 1.12556   -1.86564  -0.06533  
H -1.21984  -1.19445  -1.38371  
H -1.72239  1.06535   1.42427   
H -1.23288  1.58938   -1.15485  
C -0.28013  -0.56712  1.16505   
H -0.33027  -1.15871  2.03675   
13
image # 4 Energy = -286.84977
C 1.52843   0.35513   -0.27927  
C 0.63903   -0.88755  -0.05402  
C -0.40134  -0.52891  -1.11256  
C -0.98572  0.54276   0.82966   
C -0.57859  0.90384   -0.61494  
N 0.85713   1.39144   -0.59944  
H 2.61460   0.37932   -0.16581  
H 1.13093   -1.85862  -0.06135  
H -1.22393  -1.20642  -1.37362  
H -1.71688  1.06893   1.42224   
H -1.23192  1.58544   -1.15315  
C -0.28134  -0.55960  1.12825   
H -0.35607  -1.18940  2.03329   
13
image # 5 Energy = -286.84925
C 1.53197   0.36170   -0.28479  
C 0.63948   -0.88118  -0.05020  
C -0.40635  -0.53423  -1.11031  
C -0.97095  0.54628   0.83036   
C -0.57548  0.90622   -0.60937  
N 0.86092   1.39077   -0.60708  
H 2.61864   0.38752   -0.17673  
H 1.14256   -1.85566  -0.05588  
H -1.22300  -1.21702  -1.35466  
H -1.71770  1.08068   1.43041   
H -1.23168  1.58268   -1.15509  
C -0.28674  -0.55862  1.14124   
H -0.38934  -1.21406  2.00134   
13
image # 6 Energy = -286.84758
C 1.53744   0.35718   -0.28697  
C 0.64913   -0.88238  -0.04583  
C -0.40972  -0.53898  -1.10622  
C -0.97355  0.55897   0.85030   
C -0.56870  0.90699   -0.61029  
N 0.85783   1.40164   -0.61870  
H 2.62380   0.39601   -0.18855  
H 1.15059   -1.84557  -0.04915  
H -1.22401  -1.22733  -1.33120  
H -1.70514  1.08395   1.42774   
H -1.23098  1.58109   -1.15555  
C -0.29088  -0.55942  1.14637   
H -0.42591  -1.23827  1.96710   
13
image # 7 Energy = -286.84610
C 1.53622   0.36628   -0.29253  
C 0.66712   -0.88034  -0.04724  
C -0.41743  -0.54651  -1.08225  
C -0.95479  0.56490   0.83185   
C -0.57313  0.91253   -0.60872  
N 0.86098   1.39391   -0.62061  
H 2.62327   0.39949   -0.19254  
H 1.15212   -1.84032  -0.04338  
H -1.22406  -1.22855  -1.31136  
H -1.71647  1.09263   1.43737   
H -1.22816  1.57958   -1.15412  
C -0.29157  -0.56335  1.13077   
H -0.44704  -1.25776  1.95155   
13
image # 8 Energy = -286.84451
C 1.54418   0.37071   -0.29766  
C 0.66471   -0.87356  -0.04401  
C -0.41845  -0.54821  -1.06479  
C -0.94817  0.58047   0.83858   
C -0.57257  0.91760   -0.60693  
N 0.86245   1.39237   -0.62694  
H 2.62594   0.40640   -0.19696  
H 1.16279   -1.84244  -0.03974  
H -1.23134  -1.24228  -1.29685  
H -1.71784  1.09668   1.43950   
H -1.22602  1.57649   -1.15535  
C -0.29098  -0.56655  1.12528   
H -0.47029  -1.27640  1.92437   
13
image # 9 Energy = -286.84081
C 1.55041   0.36939   -0.30347  
C 0.66798   -0.87378  -0.04312  
C -0.41661  -0.54426  -1.03847  
C -0.94990  0.59040   0.86698   
C -0.56790  0.91786   -0.60910  
N 0.85955   1.39729   -0.63587  
H 2.63242   0.41366   -0.19761  
H 1.17299   -1.84145  -0.03520  
H -1.24354  -1.26023  -1.28910  
H -1.70430  1.09542   1.43508   
H -1.22600  1.57363   -1.16022  
C -0.30458  -0.56302  1.12582   
H -0.48838  -1.28482  1.88213   
13
image # 10 Energy = -286.83968
C 1.54870   0.37199   -0.30459  
C 0.68059   -0.86669  -0.03967  
C -0.44011  -0.56256  -1.02989  
C -0.93749  0.60715   0.84863   
C -0.56671  0.91831   -0.59814  
N 0.86249   1.39245   -0.63654  
H 2.63139   0.41579   -0.19954  
H 1.17314   -1.84055  -0.03424  
H -1.23183  -1.25467  -1.28257  
H -1.71817  1.10330   1.44499   
H -1.22669  1.57367   -1.16112  
C -0.29492  -0.56727  1.10542   
H -0.50018  -1.30216  1.88423   
13
image # 11 Energy = -286.83679
C 1.54976   0.37228   -0.31023  
C 0.68386   -0.86310  -0.03639  
C -0.44499  -0.56529  -1.00423  
C -0.93738  0.61018   0.87411   
C -0.56120  0.91381   -0.59765  
N 0.86093   1.39440   -0.64546  
H 2.63853   0.42228   -0.20179  
H 1.18280   -1.84135  -0.02916  
H -1.23381  -1.26635  -1.28216  
H -1.70537  1.10649   1.44503   
H -1.22895  1.57125   -1.16563  
C -0.30502  -0.55380  1.10571   
H -0.52013  -1.31279  1.84387   
13
image # 12 Energy = -286.83419
C 1.55114   0.36693   -0.31270  
C 0.69281   -0.85923  -0.02923  
C -0.45057  -0.56790  -0.99289  
C -0.92367  0.62904   0.87145   
C -0.57126  0.91125   -0.59111  
N 0.85879   1.38713   -0.65685  
H 2.63112   0.42586   -0.20995  
H 1.18049   -1.83088  -0.01751  
H -1.21616  -1.26863  -1.29728  
H -1.70405  1.12155   1.46295   
H -1.23035  1.55758   -1.15880  
C -0.29242  -0.55432  1.11002   
H -0.54749  -1.33099  1.81688   
13
image # 13 Energy = -286.83137
C 1.54251   0.36885   -0.31735  
C 0.70440   -0.86572  -0.02597  
C -0.45314  -0.56497  -0.96236  
C -0.91698  0.64059   0.87762   
C -0.56518  0.89909   -0.57924  
N 0.85760   1.39524   -0.66194  
H 2.63929   0.42604   -0.21794  
H 1.18437   -1.83608  -0.00517  
H -1.20176  -1.28228  -1.34526  
H -1.69373  1.14196   1.48382   
H -1.25048  1.55732   -1.16395  
C -0.30969  -0.55740  1.10633   
H -0.55894  -1.33548  1.80554   
13
image # 14 Energy = -286.82775
C 1.55372   0.37358   -0.31938  
C 0.70081   -0.86115  -0.02461  
C -0.46582  -0.58142  -0.94838  
C -0.92263  0.65518   0.88602   
C -0.56827  0.91753   -0.58662  
N 0.85478   1.39088   -0.66238  
H 2.64132   0.42855   -0.21759  
H 1.19215   -1.83889  -0.00837  
H -1.20013  -1.28003  -1.32875  
H -1.69533  1.13775   1.47688   
H -1.24076  1.55214   -1.16074  
C -0.30483  -0.56349  1.09541   
H -0.56662  -1.34346  1.79220   
13
image # 15 Energy = -286.82296
C 1.55598   0.37053   -0.31955  
C 0.71664   -0.86058  -0.02393  
C -0.48734  -0.58954  -0.90810  
C -0.91588  0.66895   0.88499   
C -0.56642  0.91810   -0.57909  
N 0.85381   1.38687   -0.66162  
H 2.64187   0.43010   -0.20986  
H 1.19128   -1.83787  -0.01773  
H -1.19938  -1.27653  -1.32074  
H -1.70773  1.13226   1.46995   
H -1.23483  1.55498   -1.16557  
C -0.30862  -0.56706  1.06048   
H -0.56044  -1.34281  1.78368   
13
image # 16 Energy = -286.81986
C 1.56401   0.37510   -0.32104  
C 0.73272   -0.85222  -0.03912  
C -0.49790  -0.59515  -0.85348  
C -0.90810  0.67658   0.88629   
C -0.57601  0.92780   -0.58587  
N 0.86216   1.38069   -0.65167  
H 2.63601   0.42861   -0.20257  
H 1.19184   -1.84617  -0.02712  
H -1.20625  -1.27722  -1.31960  
H -1.71718  1.12183   1.45682   
H -1.22802  1.55812   -1.16820  
C -0.33328  -0.58373  1.03255   
H -0.54001  -1.32620  1.78528   
13
image # 17 Energy = -286.82000
C 1.56277   0.37031   -0.32191  
C 0.72856   -0.86210  -0.04468  
C -0.50848  -0.61092  -0.81352  
C -0.90525  0.69989   0.88371   
C -0.56825  0.94099   -0.58556  
N 0.84840   1.39501   -0.65056  
H 2.65145   0.42818   -0.19703  
H 1.19445   -1.84989  -0.03286  
H -1.20059  -1.27299  -1.31789  
H -1.72691  1.11774   1.45190   
H -1.22556  1.55971   -1.17039  
C -0.34117  -0.60580  0.99768   
H -0.52795  -1.32125  1.79290   
13
image # 18 Energy = -286.82319
C 1.56275   0.36951   -0.32306  
C 0.74830   -0.85918  -0.05246  
C -0.53370  -0.62116  -0.77204  
C -0.89912  0.71624   0.88595   
C -0.56788  0.93939   -0.57835  
N 0.85515   1.39365   -0.64573  
H 2.64626   0.42662   -0.19323  
H 1.19123   -1.85355  -0.04011  
H -1.18803  -1.26550  -1.32536  
H -1.73465  1.11067   1.44286   
H -1.22565  1.56284   -1.17450  
C -0.35852  -0.61635  0.96406   
H -0.51268  -1.31295  1.80363   
13
image # 19 Energy = -286.82423
C 1.56346   0.37010   -0.32681  
C 0.76426   -0.85850  -0.05907  
C -0.54069  -0.61246  -0.73408  
C -0.88915  0.71965   0.90474   
C -0.56474  0.93496   -0.58333  
N 0.85613   1.39072   -0.64680  
H 2.64377   0.42693   -0.19725  
H 1.19326   -1.85548  -0.04166  
H -1.17970  -1.27088  -1.33587  
H -1.73598  1.10835   1.43692   
H -1.22775  1.56285   -1.17491  
C -0.38194  -0.61207  0.95873   
H -0.51514  -1.31269  1.79137   
13
image # 20 Energy = -286.82855
C 1.55978   0.37511   -0.33062  
C 0.77689   -0.88597  -0.05409  
C -0.55070  -0.62014  -0.70648  
C -0.88043  0.73497   0.91095   
C -0.57338  0.94821   -0.58300  
N 0.85937   1.39241   -0.65089  
H 2.64743   0.42945   -0.20225  
H 1.19081   -1.83865  -0.04143  
H -1.16634  -1.27061  -1.33669  
H -1.73841  1.11272   1.43775   
H -1.22318  1.55387   -1.17018  
C -0.38859  -0.61679  0.94008   
H -0.52526  -1.32165  1.77962   
13
image # 21 Energy = -286.83154
C 1.58417   0.39349   -0.33697  
C 0.76513   -0.85917  -0.05520  
C -0.56585  -0.63400  -0.68713  
C -0.86217  0.74331   0.90414   
C -0.55888  0.93674   -0.56026  
N 0.85847   1.37745   -0.65015  
H 2.63760   0.43105   -0.21291  
H 1.20823   -1.85614  -0.03691  
H -1.14902  -1.26654  -1.32937  
H -1.74443  1.12365   1.44806   
H -1.23475  1.55836   -1.17912  
C -0.40596  -0.62453  0.93388   
H -0.54222  -1.32924  1.75595   
13
image # 22 Energy = -286.83270
C 1.55958   0.37940   -0.33583  
C 0.78207   -0.85371  -0.04890  
C -0.55723  -0.63196  -0.66355  
C -0.86238  0.75158   0.90836   
C -0.56126  0.94217   -0.56246  
N 0.86046   1.38814   -0.65907  
H 2.65379   0.43686   -0.22863  
H 1.21246   -1.84628  -0.02875  
H -1.14559  -1.27246  -1.32394  
H -1.73487  1.13273   1.45014   
H -1.23291  1.55088   -1.16989  
C -0.40820  -0.63407  0.91981   
H -0.57357  -1.34765  1.73788   
13
image # 23 Energy = -286.83412
C 1.57790   0.38372   -0.34019  
C 0.78215   -0.85164  -0.04251  
C -0.55886  -0.63412  -0.65671  
C -0.86553  0.76976   0.92807   
C -0.55667  0.94450   -0.56049  
N 0.85760   1.38838   -0.66914  
H 2.64767   0.44255   -0.24389  
H 1.22390   -1.84357  -0.02067  
H -1.13380  -1.27628  -1.30648  
H -1.72208  1.13904   1.44908   
H -1.23566  1.54503   -1.16753  
C -0.41461  -0.64209  0.92323   
H -0.60770  -1.36838  1.70363   
13
image # 24 Energy = -286.83399
C 1.58247   0.36980   -0.33977  
C 0.79479   -0.85138  -0.03727  
C -0.56334  -0.63154  -0.64380  
C -0.84360  0.76807   0.92727   
C -0.55604  0.94641   -0.55453  
N 0.84854   1.40256   -0.68158  
H 2.65369   0.44895   -0.25542  
H 1.23126   -1.83830  -0.01409  
H -1.12592  -1.28177  -1.29392  
H -1.72773  1.15094   1.45757   
H -1.23616  1.53975   -1.16640  
C -0.42606  -0.63876  0.92618   
H -0.63565  -1.38685  1.67341   
13
image # 25 Energy = -286.82836
C 1.57041   0.38662   -0.34762  
C 0.80497   -0.85065  -0.03330  
C -0.56876  -0.63487  -0.63464  
C -0.84339  0.77640   0.93641   
C -0.55392  0.94768   -0.55407  
N 0.85933   1.38921   -0.68261  
H 2.65875   0.45270   -0.26541  
H 1.23727   -1.83465  -0.00787  
H -1.11817  -1.28324  -1.28189  
H -1.71884  1.15536   1.45817   
H -1.23732  1.53605   -1.16383  
C -0.43456  -0.64419  0.92763   
H -0.65777  -1.39785  1.64795   
13
image # 26 Energy = -286.83648
C 1.57523   0.38620   -0.35189  
C 0.79791   -0.84549  -0.02696  
C -0.55827  -0.62785  -0.61491  
C -0.83695  0.78240   0.94796   
C -0.55144  0.94665   -0.55014  
N 0.85729   1.39032   -0.69222  
H 2.65974   0.45912   -0.27790  
H 1.24791   -1.83325  -0.00045  
H -1.11404  -1.29277  -1.26984  
H -1.71311  1.16328   1.46031   
H -1.23833  1.53104   -1.16205  
C -0.43630  -0.63739  0.91653   
H -0.68966  -1.42225  1.62158   
