#perp_grad magnitudes
1         0.00000   0.00000   0.00000   
2         0.25853   0.03326   0.07418   
3         0.51156   0.06581   0.08790   
4         0.76752   0.09874   0.10215   
5         1.04582   0.13454   0.10517   
6         1.33015   0.17112   0.11775   
7         1.65601   0.21304   0.12872   
8         2.02280   0.26023   0.09525   
9         2.31876   0.29830   0.09080   
10        2.64040   0.33968   0.08686   
11        2.96897   0.38195   0.05461   
12        3.22967   0.41549   0.09340   
13        3.59267   0.46219   0.12262   
14        3.83935   0.49392   0.11250   
15        4.12962   0.53126   0.25820   
16        4.42633   0.56944   0.08689   
17        4.63598   0.59641   0.08097   
18        4.90702   0.63128   0.07587   
19        5.16334   0.66425   0.05755   
20        5.56796   0.71630   0.09365   
21        5.85832   0.75366   0.07331   
22        6.14108   0.79003   0.05882   
23        6.43674   0.82807   0.08451   
24        6.69661   0.86150   0.13679   
25        6.98608   0.89874   0.08173   
26        7.23308   0.93052   0.11715   
27        7.49715   0.96449   0.12750   
28        7.77319   1.00000   0.00000   
