# Energy profile
1         0.00000   0.00000   -286.92433          0.00000             
2         0.25853   0.03326   -286.92056          2.36409             
3         0.51156   0.06581   -286.91449          6.17681             
4         0.76752   0.09874   -286.91003          8.97613             
5         1.04582   0.13454   -286.90307          13.34278            
6         1.33015   0.17112   -286.89278          19.79602            
7         1.65601   0.21304   -286.89487          18.48786            
8         2.02280   0.26023   -286.88562          24.28929            
9         2.31876   0.29830   -286.87751          29.37940            
10        2.64040   0.33968   -286.86821          35.21806            
11        2.96897   0.38195   -286.85364          44.36241            
12        3.22967   0.41549   -286.82500          62.33147            
13        3.59267   0.46219   -286.82102          64.82647            
14        3.83935   0.49392   -286.78316          88.58710            
15        4.12962   0.53126   -286.81265          70.08150            
16        4.42633   0.56944   -286.78153          89.61078            
17        4.63598   0.59641   -286.80978          71.88529            
18        4.90702   0.63128   -286.80319          76.01999            
19        5.16334   0.66425   -286.81804          66.69822            
20        5.56796   0.71630   -286.82057          65.11438            
21        5.85832   0.75366   -286.81537          68.37253            
22        6.14108   0.79003   -286.82323          63.44494            
23        6.43674   0.82807   -286.82110          64.78115            
24        6.69661   0.86150   -286.82575          61.86391            
25        6.98608   0.89874   -286.83189          58.01007            
26        7.23308   0.93052   -286.83650          55.11527            
27        7.49715   0.96449   -286.84045          52.63393            
28        7.77319   1.00000   -286.84433          50.19997            
