#perp_grad magnitudes
1         0.00000   0.00000   0.00000   
2         0.15081   0.03765   0.13063   
3         0.32129   0.08020   0.07638   
4         0.48020   0.11987   0.10285   
5         0.65222   0.16281   0.08059   
6         0.82089   0.20491   0.20620   
7         1.03593   0.25859   0.09370   
8         1.23623   0.30858   0.09793   
9         1.42176   0.35490   0.08632   
10        1.59127   0.39721   0.06894   
11        1.75462   0.43798   0.05324   
12        1.92160   0.47966   0.04371   
13        2.03542   0.50807   0.03392   
14        2.16782   0.54112   0.04365   
15        2.33581   0.58306   0.04848   
16        2.50809   0.62606   0.05287   
17        2.68158   0.66937   0.05747   
18        2.86414   0.71494   0.05042   
19        3.02522   0.75515   0.10080   
20        3.19312   0.79706   0.07681   
21        3.38148   0.84408   0.19945   
22        3.54205   0.88416   0.07174   
23        3.71060   0.92623   0.10574   
24        3.85752   0.96290   0.05819   
25        4.00614   1.00000   0.00000   
