# Energy profile
1         0.00000   0.00000   -286.85685          0.00000             
2         0.15081   0.03765   -286.85392          1.83348             
3         0.32129   0.08020   -286.85304          2.38944             
4         0.48020   0.11987   -286.85017          4.18956             
5         0.65222   0.16281   -286.84658          6.44402             
6         0.82089   0.20491   -286.84543          7.16330             
7         1.03593   0.25859   -286.84780          5.67842             
8         1.23623   0.30858   -286.85468          1.35717             
9         1.42176   0.35490   -286.86198          -3.22402            
10        1.59127   0.39721   -286.86930          -7.81540            
11        1.75462   0.43798   -286.87631          -12.21038           
12        1.92160   0.47966   -286.88320          -16.53453           
13        2.03542   0.50807   -286.88738          -19.15922           
14        2.16782   0.54112   -286.88918          -20.28846           
15        2.33581   0.58306   -286.89292          -22.63422           
16        2.50809   0.62606   -286.89681          -25.08021           
17        2.68158   0.66937   -286.90049          -27.38593           
18        2.86414   0.71494   -286.90396          -29.56562           
19        3.02522   0.75515   -286.90732          -31.67315           
20        3.19312   0.79706   -286.91226          -34.77014           
21        3.38148   0.84408   -286.91504          -36.51729           
22        3.54205   0.88416   -286.91924          -39.15553           
23        3.71060   0.92623   -286.92110          -40.31981           
24        3.85752   0.96290   -286.92341          -41.76634           
25        4.00614   1.00000   -286.92435          -42.35926           
