#perp_grad magnitudes
1         0.00000   0.00000   0.00000   
2         0.07508   0.03923   0.10813   
3         0.14037   0.07334   0.05960   
4         0.21437   0.11201   0.05292   
5         0.29831   0.15586   0.02415   
6         0.37490   0.19588   0.03722   
7         0.44592   0.23299   0.02009   
8         0.51641   0.26981   0.02487   
9         0.58438   0.30533   0.01765   
10        0.64703   0.33806   0.01521   
11        0.74201   0.38769   0.01304   
12        0.82138   0.42915   0.08753   
13        0.92582   0.48372   0.03015   
14        1.07760   0.56302   0.10070   
15        1.15543   0.60369   0.06326   
16        1.22778   0.64149   0.05114   
17        1.30128   0.67989   0.05355   
18        1.36662   0.71403   0.05378   
19        1.43472   0.74961   0.06312   
20        1.51004   0.78897   0.08807   
21        1.57848   0.82473   0.02974   
22        1.65499   0.86470   0.06489   
23        1.72749   0.90258   0.07322   
24        1.82275   0.95235   0.23801   
25        1.91395   1.00000   0.00000   
