#perp_grad magnitudes
1         0.00000   0.00000   0.00000   
2         0.13029   0.03446   0.34088   
3         0.25384   0.06713   0.07074   
4         0.39403   0.10421   0.10299   
5         0.53601   0.14176   0.15791   
6         0.71048   0.18791   0.09206   
7         0.84169   0.22261   0.10309   
8         0.96658   0.25564   0.06294   
9         1.08615   0.28726   0.04307   
10        1.20237   0.31800   0.04967   
11        1.34185   0.35489   0.04486   
12        1.54912   0.40970   0.08477   
13        1.81407   0.47978   0.15048   
14        2.08135   0.55047   0.07561   
15        2.24244   0.59307   0.08218   
16        2.42003   0.64004   0.08788   
17        2.56411   0.67814   0.11775   
18        2.70164   0.71452   0.12133   
19        2.83310   0.74928   0.16333   
20        3.01466   0.79730   0.12053   
21        3.18922   0.84347   0.12040   
22        3.35486   0.88728   0.09617   
23        3.49542   0.92445   0.11744   
24        3.64060   0.96285   0.07522   
25        3.78106   1.00000   0.00000   
