#perp_grad magnitudes
1         0.00000   0.00000   0.00000   
2         0.13331   0.03773   0.27396   
3         0.26325   0.07450   0.05726   
4         0.39168   0.11085   0.12945   
5         0.55079   0.15587   0.07209   
6         0.66685   0.18872   0.04007   
7         0.77930   0.22054   0.03383   
8         0.91534   0.25904   0.05588   
9         1.04485   0.29569   0.04915   
10        1.16487   0.32966   0.04738   
11        1.28810   0.36453   0.04710   
12        1.41406   0.40018   0.04293   
13        1.61908   0.45820   0.07614   
14        1.83209   0.51848   0.05812   
15        1.95472   0.55318   0.05942   
16        2.05665   0.58203   0.08870   
17        2.23187   0.63162   0.05820   
18        2.35188   0.66558   0.04722   
19        2.48713   0.70385   0.05112   
20        2.61562   0.74022   0.04860   
21        2.73003   0.77259   0.05499   
22        2.86940   0.81203   0.08724   
23        3.04246   0.86101   0.11747   
24        3.17686   0.89905   0.08393   
25        3.30103   0.93419   0.04717   
26        3.41542   0.96656   0.06041   
27        3.53359   1.00000   0.00000   
