#perp_grad magnitudes
1         0.00000   0.00000   0.00000   
2         0.09071   0.02983   0.20517   
3         0.18270   0.06007   0.11890   
4         0.26714   0.08783   0.06515   
5         0.39560   0.13007   0.12908   
6         0.51991   0.17095   0.06704   
7         0.60137   0.19773   0.02260   
8         0.70441   0.23161   0.04389   
9         0.88211   0.29004   0.07841   
10        1.04638   0.34405   0.10422   
11        1.18765   0.39050   0.09700   
12        1.29868   0.42701   0.06831   
13        1.38983   0.45698   0.03876   
14        1.48049   0.48679   0.03007   
15        1.56947   0.51605   0.03161   
16        1.76112   0.57906   0.02738   
17        1.88371   0.61937   0.02809   
18        1.97575   0.64963   0.03842   
19        2.10750   0.69295   0.04278   
20        2.19906   0.72306   0.04803   
21        2.34161   0.76993   0.02040   
22        2.42498   0.79734   0.02905   
23        2.50233   0.82277   0.02428   
24        2.59580   0.85351   0.09199   
25        2.70084   0.88804   0.19810   
26        2.78817   0.91676   0.05220   
27        2.87669   0.94586   0.04663   
28        2.95654   0.97212   0.20780   
29        3.04134   1.00000   0.00000   
