# Energy profile
1         0.00000   0.00000   -286.83651          0.00000             
2         0.09071   0.02983   -286.83449          1.26628             
3         0.18270   0.06007   -286.83448          1.27123             
4         0.26714   0.08783   -286.83363          1.80374             
5         0.39560   0.13007   -286.83398          1.58746             
6         0.51991   0.17095   -286.83270          2.38578             
7         0.60137   0.19773   -286.83283          2.30729             
8         0.70441   0.23161   -286.83433          1.36221             
9         0.88211   0.29004   -286.84000          -2.19377            
10        1.04638   0.34405   -286.84696          -6.55764            
11        1.18765   0.39050   -286.85155          -9.43815            
12        1.29868   0.42701   -286.85304          -10.37455           
13        1.38983   0.45698   -286.85480          -11.47796           
14        1.48049   0.48679   -286.85521          -11.73535           
15        1.56947   0.51605   -286.85307          -10.39218           
16        1.76112   0.57906   -286.85930          -14.30162           
17        1.88371   0.61937   -286.86060          -15.12122           
18        1.97575   0.64963   -286.86179          -15.86742           
19        2.10750   0.69295   -286.86337          -16.85602           
20        2.19906   0.72306   -286.86506          -17.91639           
21        2.34161   0.76993   -286.86639          -18.75262           
22        2.42498   0.79734   -286.86839          -20.00796           
23        2.50233   0.82277   -286.87023          -21.16044           
24        2.59580   0.85351   -286.87054          -21.35710           
25        2.70084   0.88804   -286.87178          -22.13650           
26        2.78817   0.91676   -286.87360          -23.27502           
27        2.87669   0.94586   -286.87450          -23.84000           
28        2.95654   0.97212   -286.87338          -23.13758           
29        3.04134   1.00000   -286.87544          -24.43102           
