$molecule
0 2
C     1.7129564613770094   0.1668558845838944  -0.5035963917294202
C    -0.1456953885366140  -1.3328549553624531   0.1265314287329633
C    -1.4597846518939090  -1.1907208554331554   0.4946138501025786
C    -1.7523410790356342   0.2082354118842708   0.4916174964810165
C    -0.6072744820526105   0.8698111230782138   0.1216488074775984
N     0.3817814852191036  -0.0714452831861422  -0.1043298441200399
H     2.2839793978907723  -0.7549782642260711  -0.6079733315670955
H     0.4714861713006530  -2.2115338365422521   0.0045454747673399
H    -2.1392854433707331  -1.9953493493016503   0.7407638568977065
H    -2.6984662687062522   0.6729001336822436   0.7350640687521671
H    -0.4032597936739635   1.9227371104656406  -0.0030320462702703
C     2.2837670628717057   1.3291686770453377  -0.7435910204319963
H     2.0721365285104651   2.3871742033121093  -0.7522623490925492
$end
