#perp_grad magnitudes
1         0.00000   0.00000   0.00000   
2         0.15640   0.02768   0.10490   
3         0.34429   0.06092   0.05553   
4         0.56901   0.10069   0.08567   
5         0.78390   0.13872   0.10517   
6         1.00919   0.17858   0.11981   
7         1.21252   0.21456   0.11843   
8         1.49910   0.26527   0.10922   
9         1.77018   0.31324   0.07579   
10        1.96097   0.34700   0.08665   
11        2.15812   0.38189   0.12818   
12        2.34933   0.41573   0.12116   
13        2.58303   0.45708   0.09592   
14        2.83035   0.50085   0.12702   
15        3.02631   0.53552   0.08089   
16        3.23615   0.57265   0.05299   
17        3.45582   0.61153   0.06026   
18        3.65555   0.64687   0.11736   
19        3.92508   0.69456   0.09020   
20        4.19888   0.74301   0.04880   
21        4.48268   0.79323   0.06097   
22        4.67347   0.82700   0.07663   
23        4.88087   0.86370   0.09266   
24        5.08647   0.90008   0.08842   
25        5.26547   0.93175   0.08661   
26        5.45625   0.96551   0.11202   
27        5.65114   1.00000   0.00000   
