#perp_grad magnitudes
1         0.00000   0.00000   0.00000   
2         0.22282   0.02534   0.05574   
3         0.46124   0.05245   0.09860   
4         0.70942   0.08068   0.08848   
5         0.95108   0.10816   0.06838   
6         1.18466   0.13473   0.10398   
7         1.44024   0.16379   0.09651   
8         1.69478   0.19274   0.09607   
9         1.94868   0.22162   0.10479   
10        2.21173   0.25153   0.11233   
11        2.47463   0.28143   0.12287   
12        2.77211   0.31526   0.20820   
13        3.21954   0.36614   0.21773   
14        3.46064   0.39356   0.21664   
15        3.69298   0.41999   0.19140   
16        3.92555   0.44644   0.16229   
17        4.15214   0.47220   0.08649   
18        4.38759   0.49898   0.08846   
19        4.66610   0.53066   0.10380   
20        4.93648   0.56140   0.11278   
21        5.20896   0.59239   0.08362   
22        5.47371   0.62250   0.07908   
23        5.72813   0.65144   0.10499   
24        5.97303   0.67929   0.08508   
25        6.20743   0.70594   0.06919   
26        6.50409   0.73968   0.13337   
27        6.79616   0.77290   0.16131   
28        7.08122   0.80532   0.18408   
29        7.56818   0.86070   0.25929   
30        7.84831   0.89255   0.17631   
31        8.09252   0.92033   0.25020   
32        8.30625   0.94463   0.19530   
33        8.54602   0.97190   0.10385   
34        8.79309   1.00000   0.00000   
