# Energy profile
1         0.00000   0.00000   -286.92435          0.00000             
2         0.22282   0.02534   -286.91634          5.02643             
3         0.46124   0.05245   -286.89482          18.52713            
4         0.70942   0.08068   -286.86230          38.93272            
5         0.95108   0.10816   -286.82630          61.52239            
6         1.18466   0.13473   -286.78791          85.61443            
7         1.44024   0.16379   -286.75001          109.39844           
8         1.69478   0.19274   -286.72612          124.39117           
9         1.94868   0.22162   -286.71433          131.78466           
10        2.21173   0.25153   -286.70969          134.69829           
11        2.47463   0.28143   -286.71252          132.92256           
12        2.77211   0.31526   -286.77277          95.11278            
13        3.21954   0.36614   -286.80862          72.61756            
14        3.46064   0.39356   -286.82920          59.70411            
15        3.69298   0.41999   -286.84238          51.43450            
16        3.92555   0.44644   -286.85375          44.29870            
17        4.15214   0.47220   -286.86222          38.98554            
18        4.38759   0.49898   -286.86229          38.94282            
19        4.66610   0.53066   -286.85952          40.68176            
20        4.93648   0.56140   -286.85685          42.35548            
21        5.20896   0.59239   -286.85447          43.85000            
22        5.47371   0.62250   -286.85165          45.61770            
23        5.72813   0.65144   -286.84826          47.74210            
24        5.97303   0.67929   -286.84779          48.03822            
25        6.20743   0.70594   -286.84770          48.09441            
26        6.50409   0.73968   -286.83867          53.76403            
27        6.79616   0.77290   -286.82855          60.11580            
28        7.08122   0.80532   -286.83345          57.03747            
29        7.56818   0.86070   -286.81783          66.83701            
30        7.84831   0.89255   -286.80026          77.86413            
31        8.09252   0.92033   -286.83858          53.81799            
32        8.30625   0.94463   -286.83865          53.77729            
33        8.54602   0.97190   -286.86269          38.69150            
34        8.79309   1.00000   -286.87239          32.60316            
