#perp_grad magnitudes
1         0.00000   0.00000   0.00000   
2         0.25578   0.03701   0.07317   
3         0.49792   0.07205   0.08397   
4         0.75048   0.10859   0.12728   
5         1.01889   0.14743   0.10967   
6         1.29081   0.18678   0.13914   
7         1.59310   0.23052   0.12780   
8         1.84411   0.26684   0.11163   
9         2.13280   0.30861   0.09630   
10        2.56531   0.37119   0.12940   
11        2.96289   0.42872   0.10976   
12        3.17318   0.45915   0.07793   
13        3.39748   0.49161   0.09330   
14        3.56993   0.51656   0.07929   
15        3.78374   0.54750   0.08725   
16        4.03715   0.58417   0.06751   
17        4.27865   0.61911   0.08484   
18        4.63352   0.67046   0.12730   
19        4.88483   0.70682   0.12494   
20        5.14861   0.74499   0.08838   
21        5.40784   0.78250   0.10804   
22        5.67276   0.82083   0.09367   
23        5.93740   0.85913   0.08851   
24        6.18703   0.89525   0.11024   
25        6.43630   0.93132   0.10877   
26        6.69342   0.96852   0.16034   
27        6.91097   1.00000   0.00000   
