13
image # 1 Energy = -286.83776
C 1.21273   0.03687   0.03770   
C 0.63055   -1.04039  0.91968   
C -0.69783  -1.07154  0.72846   
C -1.05546  -0.10494  -0.34282  
C -0.39166  1.34722   -0.20557  
N 0.77994   1.40210   0.56647   
H 2.28335   0.00472   -0.16888  
H 1.19160   -1.55351  1.69239   
H -1.42800  -1.63351  1.30091   
H -2.02489  -0.09318  -0.83141  
H -0.99944  2.22392   -0.40927  
C 0.17234   0.23933   -1.10620  
H 0.32676   0.24292   -2.18145  
13
image # 2 Energy = -286.83123
C 1.22781   0.07366   0.04872   
C 0.62923   -1.05731  0.89210   
C -0.71267  -1.06471  0.73154   
C -1.06972  -0.06164  -0.31074  
C -0.41964  1.34120   -0.20216  
N 0.76657   1.43613   0.53938   
H 2.31847   0.09168   -0.17162  
H 1.16175   -1.62788  1.64370   
H -1.43904  -1.64665  1.29231   
H -2.08377  -0.05734  -0.76068  
H -1.02945  2.23652   -0.40489  
C 0.20247   0.19270   -1.10027  
H 0.44285   0.13809   -2.18008  
13
image # 3 Energy = -286.81757
C 1.24781   0.10135   0.05876   
C 0.61869   -1.07018  0.87372   
C -0.71115  -1.05261  0.73612   
C -1.09391  -0.03525  -0.29197  
C -0.44927  1.35723   -0.20188  
N 0.75164   1.46782   0.50717   
H 2.33392   0.17703   -0.16983  
H 1.13406   -1.69798  1.59228   
H -1.44944  -1.65713  1.28175   
H -2.12069  -0.02166  -0.68814  
H -1.05511  2.23870   -0.40276  
C 0.23197   0.15387   -1.11282  
H 0.55066   0.02856   -2.15465  
13
image # 4 Energy = -286.80161
C 1.24089   0.12350   0.06013   
C 0.63779   -1.07300  0.87809   
C -0.73272  -1.03473  0.74256   
C -1.09506  -0.02669  -0.28710  
C -0.45958  1.37725   -0.20456  
N 0.72841   1.49607   0.46763   
H 2.32568   0.26415   -0.15801  
H 1.10749   -1.77567  1.52749   
H -1.44540  -1.65826  1.25896   
H -2.14183  0.01771   -0.61155  
H -1.08735  2.24411   -0.40484  
C 0.24956   0.13138   -1.11730  
H 0.65637   -0.10045  -2.11401  
13
image # 5 Energy = -286.78126
C 1.22826   0.16078   0.05977   
C 0.61240   -1.06238  0.86834   
C -0.71427  -1.01407  0.74507   
C -1.08506  -0.01297  -0.27631  
C -0.47201  1.39186   -0.20532  
N 0.70495   1.53060   0.42981   
H 2.31290   0.35046   -0.14892  
H 1.09095   -1.85888  1.46749   
H -1.44763  -1.66126  1.23742   
H -2.16880  0.05606   -0.54239  
H -1.12770  2.25795   -0.40955  
C 0.28204   0.08743   -1.11263  
H 0.76322   -0.24462  -2.07020  
13
image # 6 Energy = -286.76430
C 1.23000   0.20603   0.07193   
C 0.61477   -1.06836  0.86523   
C -0.71473  -1.00244  0.75183   
C -1.08197  0.02584   -0.27649  
C -0.51312  1.42176   -0.18929  
N 0.68000   1.57309   0.39269   
H 2.30312   0.42679   -0.14933  
H 1.06984   -1.91197  1.40120   
H -1.45145  -1.66102  1.21717   
H -2.18954  0.08514   -0.48546  
H -1.16415  2.26718   -0.41085  
C 0.33092   0.00348   -1.13167  
H 0.85980   -0.39033  -2.01497  
13
image # 7 Energy = -286.77036
C 1.21731   0.23790   0.07819   
C 0.62672   -1.05287  0.87129   
C -0.70727  -0.97534  0.75143   
C -1.06105  0.06950   -0.30729  
C -0.55363  1.47785   -0.10984  
N 0.62471   1.61507   0.34655   
H 2.27594   0.47847   -0.14245  
H 1.06567   -1.95004  1.32823   
H -1.45184  -1.65552  1.19141   
H -2.17355  0.10441   -0.45497  
H -1.20829  2.29215   -0.40402  
C 0.38125   -0.10967  -1.14261  
H 0.93290   -0.56074  -1.96343  
13
image # 8 Energy = -286.75601
C 1.22768   0.28636   0.06261   
C 0.61838   -1.05281  0.85472   
C -0.71899  -0.95723  0.74740   
C -1.08111  0.08941   -0.29619  
C -0.60624  1.49398   -0.08728  
N 0.61426   1.64423   0.30658   
H 2.28031   0.54533   -0.15670  
H 1.05010   -1.97590  1.28265   
H -1.45758  -1.64919  1.17920   
H -2.19052  0.12098   -0.42070  
H -1.24548  2.30729   -0.39915  
C 0.44414   -0.19281  -1.12606  
H 1.02919   -0.69298  -1.90612  
13
image # 9 Energy = -286.76341
C 1.22810   0.33377   0.04626   
C 0.61713   -1.02617  0.83356   
C -0.72961  -0.92830  0.74572   
C -1.09170  0.11229   -0.28955  
C -0.64266  1.50945   -0.04846  
N 0.58089   1.66680   0.26419   
H 2.27839   0.59881   -0.16343  
H 1.04628   -1.97769  1.21374   
H -1.45871  -1.63045  1.15739   
H -2.19319  0.12851   -0.41782  
H -1.29526  2.33710   -0.36565  
C 0.50571   -0.29453  -1.11298  
H 1.11457   -0.86740  -1.82573  
13
image # 10 Energy = -286.78443
C 1.21371   0.36535   0.02075   
C 0.64152   -0.92179  0.76703   
C -0.75620  -0.85295  0.75180   
C -1.11354  0.12003   -0.29604  
C -0.67805  1.52148   -0.02491  
N 0.56394   1.67002   0.22661   
H 2.28584   0.59571   -0.13131  
H 1.08348   -1.88567  1.09737   
H -1.46021  -1.59911  1.12515   
H -2.18703  0.09677   -0.52105  
H -1.34407  2.36252   -0.21172  
C 0.56116   -0.40890  -1.08118  
H 1.14590   -1.10698  -1.69106  
13
image # 11 Energy = -286.79244
C 1.23613   0.42393   -0.01600  
C 0.64182   -0.87750  0.62453   
C -0.81145  -0.78233  0.77165   
C -1.17896  0.12424   -0.29345  
C -0.68442  1.50806   -0.04964  
N 0.56296   1.66890   0.19769   
H 2.31988   0.56939   -0.09718  
H 1.14071   -1.75616  1.02937   
H -1.45809  -1.57643  1.12833   
H -2.21500  0.05210   -0.63141  
H -1.35943  2.35010   -0.07247  
C 0.60159   -0.54450  -0.95616  
H 1.15702   -1.20845  -1.60691  
13
image # 12 Energy = -286.79652
C 1.26377   0.48186   -0.06201  
C 0.61131   -0.93887  0.57470   
C -0.82003  -0.78344  0.75785   
C -1.23568  0.13933   -0.25235  
C -0.70135  1.49178   -0.07087  
N 0.55542   1.67340   0.17139   
H 2.34923   0.61574   -0.11043  
H 1.14487   -1.75375  1.02937   
H -1.46609  -1.56721  1.16883   
H -2.26401  0.05511   -0.61818  
H -1.36731  2.34587   -0.09274  
C 0.66671   -0.59048  -0.88297  
H 1.21247   -1.22389  -1.58372  
13
image # 13 Energy = -286.80748
C 1.27610   0.53400   -0.11725  
C 0.56521   -1.00466  0.55174   
C -0.82273  -0.81838  0.72525   
C -1.30465  0.17340   -0.19010  
C -0.71975  1.47081   -0.09366  
N 0.55037   1.66913   0.14129   
H 2.37761   0.65418   -0.11142  
H 1.15636   -1.76115  1.05197   
H -1.46292  -1.54411  1.21203   
H -2.31157  0.06385   -0.58904  
H -1.37387  2.34228   -0.12878  
C 0.75837   -0.61743  -0.84012  
H 1.25892   -1.21935  -1.58197  
13
image # 14 Energy = -286.82086
C 1.29119   0.57539   -0.16317  
C 0.53547   -1.06172  0.53818   
C -0.82083  -0.83354  0.67946   
C -1.35043  0.19303   -0.13142  
C -0.73714  1.45630   -0.11101  
N 0.54995   1.65923   0.11783   
H 2.38552   0.66194   -0.08327  
H 1.17664   -1.75015  1.07395   
H -1.45976  -1.52504  1.25157   
H -2.34560  0.07018   -0.57333  
H -1.37823  2.34089   -0.14627  
C 0.82725   -0.62770  -0.81852  
H 1.27361   -1.21615  -1.60350  
13
image # 15 Energy = -286.82980
C 1.31851   0.62359   -0.20233  
C 0.51376   -1.10879  0.51217   
C -0.82674  -0.85392  0.71436   
C -1.35169  0.18292   -0.12379  
C -0.75613  1.44865   -0.10314  
N 0.54961   1.65985   0.13980   
H 2.40719   0.75150   -0.12074  
H 1.12295   -1.82773  1.06446   
H -1.46290  -1.51199  1.29108   
H -2.36698  0.07493   -0.52776  
H -1.36610  2.33466   -0.23414  
C 0.85274   -0.60620  -0.80593  
H 1.31454   -1.22369  -1.57416  
13
image # 16 Energy = -286.84516
C 1.33961   0.66529   -0.22705  
C 0.49374   -1.16418  0.51584   
C -0.82976  -0.87408  0.70727   
C -1.38428  0.19261   -0.08971  
C -0.77045  1.43375   -0.10668  
N 0.54962   1.66311   0.11568   
H 2.41370   0.83637   -0.19871  
H 1.06324   -1.89215  1.07718   
H -1.47509  -1.52020  1.30416   
H -2.40371  0.10434   -0.44076  
H -1.36945  2.32397   -0.31751  
C 0.91143   -0.60806  -0.77760  
H 1.41330   -1.21287  -1.53473  
13
image # 17 Energy = -286.85988
C 1.35176   0.69145   -0.26177  
C 0.47000   -1.21104  0.49842   
C -0.83774  -0.89811  0.69996   
C -1.40750  0.20260   -0.05420  
C -0.78499  1.42980   -0.11519  
N 0.54308   1.67437   0.08824   
H 2.42541   0.91339   -0.27266  
H 1.01285   -1.94531  1.09149   
H -1.48327  -1.52537  1.31262   
H -2.44629  0.13430   -0.36152  
H -1.37344  2.30432   -0.38661  
C 0.98150   -0.61448  -0.72307  
H 1.50331   -1.20140  -1.49224  
13
image # 18 Energy = -286.85934
C 1.36065   0.70103   -0.26003  
C 0.46201   -1.22611  0.55725   
C -0.85193  -0.92071  0.68742   
C -1.39445  0.19877   -0.04056  
C -0.78654  1.42747   -0.14576  
N 0.54164   1.69962   0.03260   
H 2.40853   0.98600   -0.41080  
H 0.92582   -2.04103  1.12686   
H -1.51602  -1.57981  1.25667   
H -2.47298  0.19234   -0.21423  
H -1.39363  2.28886   -0.44855  
C 1.01039   -0.60384  -0.71756  
H 1.66325   -1.16263  -1.40294  
13
image # 19 Energy = -286.87383
C 1.38383   0.72197   -0.30616  
C 0.43987   -1.26047  0.53916   
C -0.86755  -0.93954  0.67959   
C -1.43189  0.20916   -0.01107  
C -0.79154  1.42466   -0.17561  
N 0.53046   1.71191   -0.01783  
H 2.40608   1.03660   -0.49147  
H 0.87885   -2.07022  1.12866   
H -1.52951  -1.59348  1.23512   
H -2.50299  0.22162   -0.13470  
H -1.40702  2.27023   -0.46954  
C 1.08167   -0.60951  -0.64782  
H 1.76847   -1.15635  -1.31255  
13
image # 20 Energy = -286.88540
C 1.38411   0.74184   -0.34435  
C 0.42793   -1.26946  0.52961   
C -0.87921  -0.93969  0.66257   
C -1.44511  0.21934   0.01403   
C -0.80249  1.41333   -0.19961  
N 0.52696   1.72113   -0.08882  
H 2.40107   1.07910   -0.57572  
H 0.83334   -2.11011  1.11215   
H -1.55187  -1.61731  1.20206   
H -2.52952  0.25104   -0.05571  
H -1.43032  2.27126   -0.46926  
C 1.14168   -0.62401  -0.58916  
H 1.88493   -1.16428  -1.18662  
13
image # 21 Energy = -286.89413
C 1.39088   0.74938   -0.38831  
C 0.41713   -1.28396  0.52195   
C -0.89338  -0.94345  0.64504   
C -1.46689  0.22328   0.04485   
C -0.81444  1.41951   -0.22716  
N 0.51564   1.73016   -0.16329  
H 2.39169   1.11067   -0.65026  
H 0.79020   -2.15109  1.08582   
H -1.56857  -1.63479  1.16749   
H -2.54491  0.27935   0.02070   
H -1.44702  2.26816   -0.46410  
C 1.19283   -0.61803  -0.52234  
H 2.00031   -1.16954  -1.06084  
13
image # 22 Energy = -286.90308
C 1.39781   0.76051   -0.43028  
C 0.40371   -1.30017  0.51396   
C -0.90750  -0.95977  0.63734   
C -1.47355  0.25027   0.06819   
C -0.82514  1.40793   -0.24094  
N 0.49695   1.73781   -0.24920  
H 2.37781   1.13210   -0.72019  
H 0.74773   -2.19196  1.04452   
H -1.58024  -1.64657  1.12749   
H -2.55955  0.30709   0.09831   
H -1.46691  2.27605   -0.45850  
C 1.25912   -0.62968  -0.46760  
H 2.09587   -1.15813  -0.91665  
13
image # 23 Energy = -286.90944
C 1.39556   0.76619   -0.46339  
C 0.39374   -1.31555  0.50382   
C -0.91006  -0.95910  0.61916   
C -1.48653  0.24804   0.10485   
C -0.83660  1.42526   -0.25916  
N 0.48688   1.73354   -0.34267  
H 2.36879   1.14878   -0.78718  
H 0.70713   -2.23741  0.99103   
H -1.60006  -1.66497  1.09413   
H -2.56698  0.33682   0.17481   
H -1.47954  2.27827   -0.45099  
C 1.30819   -0.62993  -0.41471  
H 2.18859   -1.13977  -0.76642  
13
image # 24 Energy = -286.91323
C 1.39737   0.75427   -0.49129  
C 0.39168   -1.33027  0.49509   
C -0.92207  -0.96588  0.60674   
C -1.49015  0.27041   0.13485   
C -0.85012  1.41889   -0.26938  
N 0.46863   1.73249   -0.43371  
H 2.36187   1.15805   -0.84438  
H 0.67303   -2.28392  0.92967   
H -1.61328  -1.67820  1.06418   
H -2.57079  0.36293   0.24631   
H -1.49120  2.28565   -0.44539  
C 1.34160   -0.60759  -0.36723  
H 2.27535   -1.12094  -0.62199  
13
image # 25 Energy = -286.91885
C 1.39206   0.75737   -0.53259  
C 0.38029   -1.35236  0.46364   
C -0.93347  -0.96513  0.59216   
C -1.49464  0.28274   0.17228   
C -0.86096  1.42583   -0.27595  
N 0.45180   1.71537   -0.51975  
H 2.35640   1.15630   -0.89265  
H 0.65043   -2.31724  0.85402   
H -1.61786  -1.68472  1.04026   
H -2.57345  0.38804   0.31381   
H -1.49993  2.28696   -0.44212  
C 1.39534   -0.59649  -0.29345  
H 2.33105   -1.09707  -0.47733  
13
image # 26 Energy = -286.91945
C 1.38371   0.74534   -0.57310  
C 0.34877   -1.36007  0.42940   
C -0.91648  -0.97231  0.57593   
C -1.49919  0.30247   0.21243   
C -0.86582  1.42134   -0.28263  
N 0.43314   1.69244   -0.61059  
H 2.35271   1.15051   -0.93300  
H 0.63079   -2.35162  0.76997   
H -1.62376  -1.69591  1.01193   
H -2.56506  0.41497   0.38975   
H -1.50603  2.28975   -0.44104  
C 1.43255   -0.57087  -0.21595  
H 2.37902   -1.06647  -0.33232  
13
image # 27 Energy = -286.92434
C 1.39609   0.74431   -0.59520  
C 0.36375   -1.35692  0.38858   
C -0.93109  -0.96884  0.56385   
C -1.49958  0.31645   0.24861   
C -0.86764  1.42123   -0.29185  
N 0.40518   1.66369   -0.68094  
H 2.34842   1.13612   -0.95916  
H 0.62497   -2.37162  0.68224   
H -1.61758  -1.70040  0.98544   
H -2.55937  0.43742   0.45965   
H -1.51322  2.28934   -0.44297  
C 1.43961   -0.56241  -0.14834  
H 2.41046   -1.04837  -0.20993  
