#perp_grad magnitudes
1         0.00000   0.00000   0.00000   
2         0.15941   0.04089   0.06271   
3         0.30617   0.07854   0.04908   
4         0.48432   0.12425   0.11494   
5         0.66486   0.17056   0.05388   
6         0.83481   0.21416   0.06803   
7         1.04017   0.26684   0.07105   
8         1.22077   0.31317   0.05528   
9         1.40809   0.36123   0.07556   
10        1.55910   0.39997   0.08163   
11        1.80915   0.46412   0.06866   
12        1.98360   0.50887   0.05011   
13        2.13904   0.54874   0.06183   
14        2.28059   0.58506   0.05407   
15        2.42843   0.62298   0.04947   
16        2.58757   0.66381   0.04003   
17        2.77077   0.71081   0.02419   
18        2.92180   0.74955   0.04266   
19        3.08549   0.79155   0.04575   
20        3.26103   0.83658   0.15397   
21        3.41951   0.87723   0.05824   
22        3.57040   0.91594   0.15448   
23        3.73112   0.95717   0.24664   
24        3.89806   1.00000   0.00000   
