# Energy profile
1         0.00000   0.00000   -286.84051          0.00000             
2         0.15941   0.04089   -286.83892          0.99960             
3         0.30617   0.07854   -286.83613          2.75225             
4         0.48432   0.12425   -286.83081          6.08945             
5         0.66486   0.17056   -286.82531          9.53694             
6         0.83481   0.21416   -286.81848          13.82657            
7         1.04017   0.26684   -286.81049          18.83772            
8         1.22077   0.31317   -286.80094          24.82937            
9         1.40809   0.36123   -286.78830          32.76407            
10        1.55910   0.39997   -286.76938          44.63765            
11        1.80915   0.46412   -286.73779          64.45739            
12        1.98360   0.50887   -286.72011          75.55544            
13        2.13904   0.54874   -286.71409          79.33236            
14        2.28059   0.58506   -286.71282          80.12759            
15        2.42843   0.62298   -286.71333          79.80833            
16        2.58757   0.66381   -286.71470          78.95141            
17        2.77077   0.71081   -286.71594          78.17229            
18        2.92180   0.74955   -286.71776          77.03101            
19        3.08549   0.79155   -286.71950          75.93610            
20        3.26103   0.83658   -286.72098          75.01020            
21        3.41951   0.87723   -286.72188          74.44493            
22        3.57040   0.91594   -286.72159          74.62567            
23        3.73112   0.95717   -286.72233          74.16157            
24        3.89806   1.00000   -286.72397          73.13197            
