#perp_grad magnitudes
1         0.00000   0.00000   0.00000   
2         0.15380   0.04063   0.06620   
3         0.29457   0.07781   0.04162   
4         0.46780   0.12356   0.09494   
5         0.61624   0.16277   0.10012   
6         0.76622   0.20239   0.05329   
7         0.93715   0.24754   0.10662   
8         1.08766   0.28729   0.06736   
9         1.24003   0.32754   0.07119   
10        1.39783   0.36922   0.06228   
11        1.56291   0.41282   0.05066   
12        1.72132   0.45466   0.04357   
13        1.85045   0.48877   0.06953   
14        2.03003   0.53621   0.07043   
15        2.31974   0.61273   0.07402   
16        2.51821   0.66515   0.04662   
17        2.67253   0.70591   0.19252   
18        2.81642   0.74392   0.09960   
19        2.99668   0.79153   0.04606   
20        3.15340   0.83293   0.07050   
21        3.32187   0.87743   0.13404   
22        3.49744   0.92380   0.04552   
23        3.63803   0.96094   0.05272   
24        3.78593   1.00000   0.00000   
