#perp_grad magnitudes
1         0.00000   0.00000   0.00000   
2         0.27268   0.04244   0.08120   
3         0.53517   0.08329   0.06596   
4         0.78219   0.12173   0.07772   
5         1.06374   0.16555   0.09321   
6         1.34930   0.20999   0.10939   
7         1.62874   0.25348   0.10398   
8         1.97635   0.30757   0.19911   
9         2.32461   0.36177   0.18247   
10        2.63406   0.40993   0.12422   
11        2.88097   0.44836   0.06995   
12        3.13925   0.48855   0.06997   
13        3.32497   0.51745   0.09865   
14        3.58417   0.55779   0.08899   
15        3.84167   0.59787   0.12135   
16        4.12834   0.64248   0.09827   
17        4.43298   0.68989   0.11667   
18        4.73532   0.73694   0.14082   
19        5.01933   0.78114   0.10208   
20        5.29894   0.82466   0.07258   
21        5.57652   0.86786   0.10109   
22        5.88804   0.91634   0.07150   
23        6.13386   0.95459   0.10527   
24        6.42563   1.00000   0.00000   
