13
image # 1 Energy = -286.82496
C 1.31198   0.30246   0.24185   
C 0.60678   -1.00073  -0.18273  
C -0.68800  -0.46527  -0.84427  
C -1.07826  0.19103   0.45065   
C -0.51918  1.05940   -0.69249  
N 0.82905   1.42317   -0.47140  
H 2.34857   0.28927   0.56033   
H 1.12220   -1.93518  -0.37455  
H -1.29510  -0.93642  -1.60917  
H -2.05245  0.33603   0.90403   
H -1.16541  1.74208   -1.23318  
C 0.21679   -0.34454  1.11217   
H 0.36302   -0.66130  2.13876   
13
image # 2 Energy = -286.81735
C 1.32558   0.29853   0.20181   
C 0.64010   -0.98656  -0.19125  
C -0.68250  -0.50295  -0.82369  
C -1.08383  0.22445   0.43686   
C -0.52077  1.08592   -0.66596  
N 0.83190   1.42970   -0.47618  
H 2.38414   0.29928   0.48315   
H 1.18855   -1.92768  -0.40517  
H -1.27031  -1.06599  -1.55902  
H -2.07409  0.40581   0.90494   
H -1.15853  1.81006   -1.18420  
C 0.17614   -0.36566  1.10403   
H 0.23316   -0.71000  2.14417   
13
image # 3 Energy = -286.80307
C 1.35067   0.30851   0.16721   
C 0.66498   -0.99179  -0.19814  
C -0.68444  -0.54121  -0.81785  
C -1.10078  0.24394   0.43375   
C -0.51849  1.12481   -0.65241  
N 0.83122   1.42983   -0.47817  
H 2.40894   0.31035   0.40733   
H 1.24346   -1.90245  -0.42632  
H -1.23810  -1.18852  -1.49478  
H -2.07783  0.46881   0.89340   
H -1.14456  1.86978   -1.13289  
C 0.14309   -0.38575  1.11199   
H 0.10191   -0.75715  2.13345   
13
image # 4 Energy = -286.78622
C 1.36254   0.31818   0.13076   
C 0.67505   -0.98492  -0.20730  
C -0.66993  -0.58562  -0.80819  
C -1.09973  0.25805   0.43184   
C -0.50873  1.15422   -0.63252  
N 0.83170   1.43172   -0.48035  
H 2.43652   0.32237   0.33801   
H 1.28883   -1.87496  -0.43922  
H -1.21113  -1.30322  -1.42990  
H -2.07674  0.52126   0.87702   
H -1.13232  1.92932   -1.08746  
C 0.09584   -0.39626  1.11559   
H -0.02006  -0.80654  2.12161   
13
image # 5 Energy = -286.77377
C 1.38849   0.32790   0.08214   
C 0.68444   -0.95598  -0.19476  
C -0.66738  -0.64244  -0.80437  
C -1.08525  0.27078   0.40210   
C -0.50261  1.20171   -0.60455  
N 0.83324   1.43613   -0.48336  
H 2.45421   0.33577   0.26233   
H 1.32159   -1.83134  -0.44076  
H -1.18403  -1.42615  -1.34437  
H -2.06000  0.56454   0.84708   
H -1.11154  1.98423   -1.03475  
C 0.04729   -0.41690  1.13397   
H -0.15434  -0.87008  2.09656   
13
image # 6 Energy = -286.76440
C 1.40639   0.35313   0.01706   
C 0.70683   -0.94504  -0.18815  
C -0.65379  -0.70117  -0.78591  
C -1.09192  0.28980   0.38280   
C -0.47462  1.25839   -0.56590  
N 0.83605   1.44258   -0.48692  
H 2.48268   0.34965   0.19369   
H 1.34784   -1.79239  -0.43435  
H -1.16064  -1.55059  -1.26136  
H -2.04492  0.59718   0.81455   
H -1.09776  2.04493   -0.99082  
C -0.01125  -0.43647  1.13782   
H -0.28742  -0.93618  2.07574   
13
image # 7 Energy = -286.75488
C 1.44298   0.36334   -0.04445  
C 0.71720   -0.92839  -0.18552  
C -0.63895  -0.77003  -0.76820  
C -1.08557  0.30254   0.36689   
C -0.46948  1.32438   -0.52560  
N 0.84824   1.46491   -0.49527  
H 2.50884   0.36635   0.12888   
H 1.38001   -1.77035  -0.42401  
H -1.13094  -1.66196  -1.17426  
H -2.04725  0.62695   0.78650   
H -1.08147  2.10355   -0.95088  
C -0.07784  -0.45758  1.14572   
H -0.41419  -0.99397  2.04375   
13
image # 8 Energy = -286.77515
C 1.48996   0.39250   -0.15305  
C 0.73340   -0.89269  -0.15764  
C -0.63393  -0.86574  -0.72236  
C -1.06961  0.33576   0.32398   
C -0.44070  1.43263   -0.44329  
N 0.85718   1.49100   -0.50908  
H 2.54472   0.38477   0.07880   
H 1.37824   -1.74225  -0.37825  
H -1.11677  -1.76156  -1.06247  
H -2.03574  0.61599   0.73579   
H -1.07383  2.16540   -0.92795  
C -0.16065  -0.52216  1.12651   
H -0.52584  -1.06667  1.99002   
13
image # 9 Energy = -286.81403
C 1.53512   0.41266   -0.26036  
C 0.76028   -0.86146  -0.13433  
C -0.63120  -0.92018  -0.61684  
C -1.06151  0.35468   0.28987   
C -0.42507  1.52848   -0.37712  
N 0.88577   1.52994   -0.52244  
H 2.57324   0.40578   0.03121   
H 1.37536   -1.71940  -0.32119  
H -1.10461  -1.84893  -0.94740  
H -2.02947  0.59813   0.68267   
H -1.06099  2.22163   -0.90463  
C -0.24749  -0.59641  1.05821   
H -0.62651  -1.13881  1.92196   
13
image # 10 Energy = -286.83313
C 1.55858   0.43295   -0.32831  
C 0.79566   -0.83966  -0.13760  
C -0.62541  -0.98418  -0.49236  
C -1.06583  0.39674   0.27133   
C -0.40492  1.57959   -0.33798  
N 0.90365   1.56017   -0.53154  
H 2.59805   0.42834   -0.02191  
H 1.39900   -1.72236  -0.27977  
H -1.07263  -1.90311  -0.84893  
H -2.05201  0.60029   0.65349   
H -1.04248  2.27470   -0.87542  
C -0.33754  -0.67262  0.97400   
H -0.71420  -1.18562  1.85364   
13
image # 11 Energy = -286.82003
C 1.54849   0.42579   -0.32899  
C 0.84171   -0.84660  -0.18025  
C -0.59209  -1.04467  -0.45527  
C -1.08661  0.45271   0.30514   
C -0.41461  1.56513   -0.34045  
N 0.90968   1.55788   -0.53314  
H 2.61665   0.44376   -0.07827  
H 1.46889   -1.73237  -0.29916  
H -1.01555  -1.97575  -0.81741  
H -2.08823  0.66928   0.67514   
H -1.02386  2.32059   -0.83596  
C -0.41588  -0.68479  0.95609   
H -0.81099  -1.18728  1.83254   
13
image # 12 Energy = -286.80611
C 1.54889   0.40860   -0.31219  
C 0.88739   -0.86832  -0.23861  
C -0.52733  -1.11922  -0.44487  
C -1.11012  0.52699   0.36595   
C -0.42821  1.53559   -0.35384  
N 0.89339   1.54321   -0.52794  
H 2.61487   0.45138   -0.10952  
H 1.54284   -1.74650  -0.33762  
H -0.96784  -2.02868  -0.82266  
H -2.12199  0.75390   0.72294   
H -1.01176  2.34192   -0.81297  
C -0.51033  -0.66307  0.93796   
H -0.87317  -1.17398  1.83684   
13
image # 13 Energy = -286.81099
C 1.55021   0.39659   -0.29702  
C 0.92827   -0.88910  -0.29417  
C -0.47547  -1.17376  -0.43019  
C -1.12430  0.57998   0.41274   
C -0.44539  1.51601   -0.36070  
N 0.88260   1.53480   -0.52891  
H 2.60548   0.45420   -0.08249  
H 1.57826   -1.75978  -0.36483  
H -0.96710  -2.01978  -0.84316  
H -2.13498  0.80382   0.77097   
H -1.01439  2.32858   -0.83434  
C -0.59136  -0.64456  0.91643   
H -0.85442  -1.16467  1.84107   
13
image # 14 Energy = -286.82413
C 1.55019   0.38267   -0.30267  
C 0.97669   -0.91044  -0.32969  
C -0.40434  -1.20606  -0.39628  
C -1.16717  0.59507   0.44384   
C -0.45022  1.53452   -0.35603  
N 0.87535   1.51118   -0.53288  
H 2.62700   0.45314   -0.10479  
H 1.63498   -1.76305  -0.44208  
H -0.89717  -2.08837  -0.81925  
H -2.13858  0.87394   0.82341   
H -1.01281  2.34998   -0.81382  
C -0.69370  -0.62796  0.90529   
H -0.95963  -1.13778  1.83453   
13
image # 15 Energy = -286.83873
C 1.55790   0.37203   -0.30700  
C 1.00276   -0.93250  -0.36815  
C -0.35022  -1.24595  -0.37575  
C -1.18728  0.62619   0.47719   
C -0.45047  1.53587   -0.34401  
N 0.86045   1.49964   -0.53068  
H 2.63866   0.45555   -0.17372  
H 1.68780   -1.75582  -0.47961  
H -0.81357  -2.16815  -0.77282  
H -2.15704  0.93107   0.83245   
H -0.99396  2.38791   -0.75768  
C -0.76089  -0.61034  0.89418   
H -1.08961  -1.12318  1.82068   
13
image # 16 Energy = -286.85369
C 1.55359   0.36625   -0.32674  
C 1.04025   -0.94092  -0.39781  
C -0.32118  -1.29637  -0.33513  
C -1.19925  0.65329   0.49784   
C -0.45169  1.54124   -0.31805  
N 0.86563   1.49626   -0.52738  
H 2.65169   0.46194   -0.26939  
H 1.73560   -1.74773  -0.49292  
H -0.71806  -2.24231  -0.69000  
H -2.18367  0.97484   0.81510   
H -0.96623  2.43902   -0.68244  
C -0.82598  -0.61071  0.87365   
H -1.23157  -1.11609  1.77490   
13
image # 17 Energy = -286.86444
C 1.56030   0.36138   -0.36047  
C 1.05138   -0.94477  -0.41050  
C -0.28571  -1.32464  -0.27661  
C -1.22014  0.67294   0.50876   
C -0.43473  1.55735   -0.28705  
N 0.86617   1.50950   -0.52408  
H 2.65848   0.46912   -0.37621  
H 1.78296   -1.74404  -0.49221  
H -0.62666  -2.32508  -0.58492  
H -2.20485  1.00564   0.78256   
H -0.93628  2.49492   -0.59926  
C -0.88266  -0.63307  0.85021   
H -1.37352  -1.11405  1.70171   
13
image # 18 Energy = -286.87325
C 1.56984   0.36077   -0.39785  
C 1.08094   -0.94889  -0.40416  
C -0.26881  -1.35572  -0.21063  
C -1.23437  0.66448   0.50538   
C -0.41885  1.58919   -0.25875  
N 0.86730   1.52293   -0.51832  
H 2.65093   0.47415   -0.48377  
H 1.81857   -1.73613  -0.49227  
H -0.53954  -2.39595  -0.46961  
H -2.22765  1.03494   0.75234   
H -0.89979  2.53761   -0.51137  
C -0.92731  -0.63101  0.81334   
H -1.50935  -1.12490  1.61910   
13
image # 19 Energy = -286.88391
C 1.56944   0.34775   -0.43269  
C 1.11359   -0.93580  -0.39364  
C -0.24659  -1.39837  -0.14361  
C -1.25251  0.69418   0.47970   
C -0.40363  1.60182   -0.22789  
N 0.86246   1.53445   -0.50896  
H 2.63934   0.47750   -0.58289  
H 1.84930   -1.73221  -0.49797  
H -0.46129  -2.43868  -0.35426  
H -2.24238  1.05986   0.73045   
H -0.86596  2.57352   -0.42820  
C -0.96974  -0.65205  0.78844   
H -1.62360  -1.13675  1.52567   
13
image # 20 Energy = -286.89657
C 1.56901   0.35120   -0.46808  
C 1.12771   -0.94236  -0.38195  
C -0.20181  -1.41521  -0.07197  
C -1.26038  0.71927   0.45438   
C -0.42265  1.61199   -0.18718  
N 0.88472   1.53099   -0.50806  
H 2.62349   0.48019   -0.67506  
H 1.87559   -1.72472  -0.50517  
H -0.39105  -2.48171  -0.23540  
H -2.25022  1.08527   0.71931   
H -0.83167  2.60252   -0.34785  
C -1.01837  -0.66616  0.74562   
H -1.72854  -1.15195  1.42697   
13
image # 21 Energy = -286.90581
C 1.55005   0.35593   -0.49708  
C 1.14620   -0.95561  -0.36082  
C -0.17133  -1.42492  -0.01635  
C -1.28385  0.72297   0.43637   
C -0.40661  1.61039   -0.15671  
N 0.88912   1.53055   -0.50771  
H 2.61379   0.48236   -0.76989  
H 1.89329   -1.71270  -0.51234  
H -0.31962  -2.51292  -0.10283  
H -2.24830  1.10654   0.71430   
H -0.79957  2.63795   -0.26553  
C -1.05479  -0.67233  0.70174   
H -1.82584  -1.16647  1.31345   
13
image # 22 Energy = -286.91500
C 1.55655   0.35258   -0.53887  
C 1.15583   -0.95324  -0.33962  
C -0.14980  -1.44247  0.04447   
C -1.29166  0.72269   0.41562   
C -0.40238  1.63243   -0.12024  
N 0.89090   1.53117   -0.50748  
H 2.58526   0.48057   -0.86346  
H 1.91749   -1.71148  -0.52598  
H -0.24264  -2.52584  0.05934   
H -2.25605  1.13198   0.71886   
H -0.76043  2.65663   -0.17679  
C -1.09462  -0.68976  0.65616   
H -1.91898  -1.18324  1.16596   
13
image # 23 Energy = -286.91941
C 1.54743   0.35053   -0.57306  
C 1.17184   -0.95669  -0.33100  
C -0.12886  -1.44197  0.09970   
C -1.30418  0.73038   0.40658   
C -0.39018  1.63947   -0.08701  
N 0.89321   1.53344   -0.50799  
H 2.56711   0.47590   -0.93358  
H 1.92677   -1.70976  -0.53464  
H -0.19050  -2.53293  0.19095   
H -2.25693  1.14367   0.72270   
H -0.73504  2.67199   -0.10948  
C -1.11871  -0.69811  0.60633   
H -1.98680  -1.20415  1.04565   
13
image # 24 Energy = -286.92435
C 1.53515   0.34561   -0.61759  
C 1.17395   -0.95920  -0.33595  
C -0.07679  -1.44273  0.18975   
C -1.30564  0.73287   0.41111   
C -0.37504  1.64788   -0.04250  
N 0.89191   1.53039   -0.50715  
H 2.54653   0.46530   -1.01257  
H 1.93246   -1.71130  -0.53911  
H -0.14534  -2.51903  0.33499   
H -2.25962  1.14941   0.72560   
H -0.71072  2.68720   -0.03120  
C -1.16959  -0.69775  0.51912   
H -2.03728  -1.22864  0.90551   
