# Energy profile
1         0.00000   0.00000   -286.82496          0.00000             
2         0.27268   0.04244   -286.81735          4.77096             
3         0.53517   0.08329   -286.80307          13.73586            
4         0.78219   0.12173   -286.78622          24.30523            
5         1.06374   0.16555   -286.77377          32.11701            
6         1.34930   0.20999   -286.76440          38.00159            
7         1.62874   0.25348   -286.75488          43.97390            
8         1.97635   0.30757   -286.77515          31.25167            
9         2.32461   0.36177   -286.81403          6.85372             
10        2.63406   0.40993   -286.83313          -5.12864            
11        2.88097   0.44836   -286.82003          3.09089             
12        3.13925   0.48855   -286.80611          11.82891            
13        3.32497   0.51745   -286.81099          8.76293             
14        3.58417   0.55779   -286.82413          0.51501             
15        3.84167   0.59787   -286.83873          -8.64233            
16        4.12834   0.64248   -286.85369          -18.03071           
17        4.43298   0.68989   -286.86444          -24.77627           
18        4.73532   0.73694   -286.87325          -30.30472           
19        5.01933   0.78114   -286.88391          -36.99585           
20        5.29894   0.82466   -286.89657          -44.93784           
21        5.57652   0.86786   -286.90581          -50.73675           
22        5.88804   0.91634   -286.91500          -56.50250           
23        6.13386   0.95459   -286.91941          -59.27121           
24        6.42563   1.00000   -286.92435          -62.37241           
