#perp_grad magnitudes
1         0.00000   0.00000   0.00000   
2         0.17871   0.03613   0.24393   
3         0.34797   0.07035   0.05280   
4         0.53956   0.10908   0.11596   
5         0.70032   0.14158   0.13405   
6         0.87697   0.17730   0.05594   
7         1.05076   0.21243   0.04971   
8         1.23935   0.25056   0.07815   
9         1.41761   0.28660   0.05525   
10        1.58801   0.32105   0.04508   
11        1.75432   0.35467   0.05844   
12        1.99418   0.40316   0.09080   
13        2.18880   0.44251   0.11665   
14        2.41407   0.48805   0.06463   
15        2.66755   0.53930   0.09669   
16        2.90810   0.58793   0.15727   
17        3.08806   0.62431   0.13782   
18        3.26490   0.66007   0.12061   
19        3.45687   0.69888   0.08806   
20        3.65380   0.73869   0.07717   
21        3.87866   0.78415   0.06979   
22        4.06227   0.82127   0.08015   
23        4.25043   0.85931   0.09927   
24        4.44036   0.89771   0.06000   
25        4.62602   0.93524   0.05131   
26        4.77808   0.96598   0.02701   
27        4.94633   1.00000   0.00000   
