#perp_grad magnitudes
1         0.00000   0.00000   0.00000   
2         0.06062   0.03888   0.09837   
3         0.12205   0.07829   0.06461   
4         0.19062   0.12227   0.07409   
5         0.26608   0.17068   0.15734   
6         0.34010   0.21816   0.11746   
7         0.40922   0.26250   0.07390   
8         0.48550   0.31142   0.08550   
9         0.54366   0.34873   0.05692   
10        0.60962   0.39104   0.06474   
11        0.66641   0.42747   0.05213   
12        0.75828   0.48640   0.03002   
13        0.79126   0.50755   0.02192   
14        0.86090   0.55223   0.02558   
15        0.93701   0.60105   0.02768   
16        1.03571   0.66435   0.10259   
17        1.11991   0.71837   0.09865   
18        1.18525   0.76028   0.08997   
19        1.25639   0.80591   0.04013   
20        1.31620   0.84428   0.07882   
21        1.37721   0.88341   0.09526   
22        1.43689   0.92170   0.03568   
23        1.49671   0.96007   0.09992   
24        1.55896   1.00000   0.00000   
