# Energy profile
1         0.00000   0.00000   -286.83834          0.00000             
2         0.06062   0.03888   -286.83712          0.76210             
3         0.12205   0.07829   -286.83736          0.61217             
4         0.19062   0.12227   -286.83654          1.12680             
5         0.26608   0.17068   -286.83599          1.47470             
6         0.34010   0.21816   -286.83548          1.79215             
7         0.40922   0.26250   -286.83439          2.47720             
8         0.48550   0.31142   -286.83214          3.88954             
9         0.54366   0.34873   -286.83138          4.36919             
10        0.60962   0.39104   -286.82983          5.33632             
11        0.66641   0.42747   -286.82814          6.39670             
12        0.75828   0.48640   -286.82628          7.56785             
13        0.79126   0.50755   -286.82503          8.34842             
14        0.86090   0.55223   -286.82209          10.19743            
15        0.93701   0.60105   -286.81856          12.41040            
16        1.03571   0.66435   -286.81590          14.08326            
17        1.11991   0.71837   -286.81485          14.74192            
18        1.18525   0.76028   -286.81593          14.06009            
19        1.25639   0.80591   -286.81916          12.03207            
20        1.31620   0.84428   -286.81968          11.70731            
21        1.37721   0.88341   -286.82196          10.27716            
22        1.43689   0.92170   -286.82385          9.09305             
23        1.49671   0.96007   -286.82333          9.41715             
24        1.55896   1.00000   -286.82499          8.37925             
