#perp_grad magnitudes
1         0.00000   0.00000   0.00000   
2         0.17033   0.03611   0.23170   
3         0.33385   0.07079   0.05248   
4         0.51453   0.10909   0.08141   
5         0.67955   0.14408   0.08380   
6         0.84841   0.17988   0.07612   
7         1.02921   0.21822   0.09428   
8         1.21799   0.25824   0.10999   
9         1.40196   0.29725   0.10232   
10        1.59560   0.33831   0.10836   
11        1.84375   0.39092   0.09637   
12        2.10264   0.44581   0.09356   
13        2.31580   0.49101   0.08733   
14        2.56193   0.54320   0.11501   
15        2.82206   0.59835   0.11375   
16        2.99487   0.63499   0.08326   
17        3.16361   0.67077   0.07807   
18        3.43176   0.72762   0.07965   
19        3.63565   0.77085   0.08867   
20        3.82239   0.81045   0.07018   
21        4.02042   0.85243   0.03628   
22        4.19430   0.88930   0.05466   
23        4.36141   0.92473   0.04868   
24        4.54922   0.96455   0.21768   
25        4.71641   1.00000   0.00000   
