# Energy profile
1         0.00000   0.00000   -286.85495          0.00000             
2         0.17033   0.03611   -286.85177          1.99629             
3         0.33385   0.07079   -286.85077          2.62006             
4         0.51453   0.10909   -286.84610          5.55140             
5         0.67955   0.14408   -286.84059          9.01287             
6         0.84841   0.17988   -286.83304          13.74777            
7         1.02921   0.21822   -286.82461          19.03968            
8         1.21799   0.25824   -286.81370          25.88734            
9         1.40196   0.29725   -286.80329          32.41417            
10        1.59560   0.33831   -286.79857          35.38096            
11        1.84375   0.39092   -286.81450          25.38275            
12        2.10264   0.44581   -286.83500          12.51903            
13        2.31580   0.49101   -286.83470          12.70616            
14        2.56193   0.54320   -286.80357          32.24172            
15        2.82206   0.59835   -286.77541          49.90991            
16        2.99487   0.63499   -286.77161          52.29754            
17        3.16361   0.67077   -286.77865          47.88221            
18        3.43176   0.72762   -286.77435          50.57459            
19        3.63565   0.77085   -286.77592          49.58945            
20        3.82239   0.81045   -286.78512          43.82102            
21        4.02042   0.85243   -286.79763          35.97171            
22        4.19430   0.88930   -286.80878          28.97071            
23        4.36141   0.92473   -286.81720          23.68750            
24        4.54922   0.96455   -286.82226          20.51200            
25        4.71641   1.00000   -286.82498          18.80421            
