#perp_grad magnitudes
1         0.00000   0.00000   0.00000   
2         0.08757   0.04281   0.19319   
3         0.16691   0.08159   0.03869   
4         0.24911   0.12177   0.04353   
5         0.32989   0.16126   0.06246   
6         0.40396   0.19747   0.12942   
7         0.48109   0.23517   0.03570   
8         0.56258   0.27501   0.10661   
9         0.63883   0.31228   0.10033   
10        0.70812   0.34615   0.04152   
11        0.79119   0.38676   0.06749   
12        0.87208   0.42630   0.02342   
13        0.98199   0.48003   0.03709   
14        1.08916   0.53242   0.05554   
15        1.18518   0.57936   0.02051   
16        1.29778   0.63440   0.07337   
17        1.36774   0.66860   0.01923   
18        1.43906   0.70347   0.02535   
19        1.51746   0.74179   0.03312   
20        1.59366   0.77904   0.02693   
21        1.68459   0.82349   0.20296   
22        1.80608   0.88288   0.13919   
23        1.88362   0.92078   0.05372   
24        1.96516   0.96064   0.16219   
25        2.04568   1.00000   0.00000   
