#perp_grad magnitudes
1         0.00000   0.00000   0.00000   
2         0.06054   0.04071   0.09751   
3         0.12230   0.08223   0.06475   
4         0.17916   0.12046   0.10829   
5         0.25778   0.17333   0.05978   
6         0.32483   0.21841   0.13468   
7         0.38523   0.25903   0.02648   
8         0.44797   0.30121   0.10135   
9         0.51382   0.34548   0.10057   
10        0.58822   0.39551   0.02861   
11        0.65286   0.43897   0.08048   
12        0.71647   0.48175   0.04192   
13        0.76264   0.51279   0.08688   
14        0.83080   0.55862   0.02496   
15        0.90420   0.60797   0.03518   
16        0.97689   0.65684   0.06977   
17        1.05616   0.71015   0.08566   
18        1.12597   0.75708   0.11881   
19        1.18750   0.79845   0.03572   
20        1.24008   0.83381   0.07619   
21        1.30394   0.87675   0.10298   
22        1.36476   0.91765   0.03785   
23        1.42487   0.95806   0.10244   
24        1.48724   1.00000   0.00000   
