$molecule
0 2
C     1.9394910573999999   0.8996732171000000  -0.3810573407000000
C    -1.3595542270000001  -2.5679001620999999   0.6502124810000000
C    -1.4578858236000001  -1.3091062295000000   1.0138803515999999
C    -1.4634304089000001  -0.1518426926000000   0.0798301665000000
C    -0.3543302260000000   0.5275255446000000  -0.3329725164000000
N     0.8923996886000000   0.1912787148000000   0.0909921763000000
H     2.9110659922000002   0.5815779396000000   0.0203403107000000
H    -1.3467403036000001  -3.5304766141999999   1.1468095275000001
H    -1.5759127434000000  -1.0672327662000001   2.0804889363000001
H    -2.4326951989000003   0.1919576656000000  -0.2799444214000000
H    -0.4860124421000000   1.3716719870000003  -1.0198392489999999
C     1.9614523853000001   1.9292395937000000  -1.2711397112000000
H     2.7443933111000001   2.5407509210999999  -1.7020784389000001
$end
