#perp_grad magnitudes
1         0.00000   0.00000   0.00000   
2         0.22287   0.02250   0.05557   
3         0.46125   0.04656   0.09823   
4         0.70949   0.07161   0.08882   
5         0.94808   0.09570   0.06751   
6         1.20665   0.12180   0.09769   
7         1.46141   0.14751   0.10371   
8         1.77781   0.17945   0.09973   
9         2.32419   0.23460   0.11251   
10        2.81779   0.28442   0.12692   
11        3.11940   0.31486   0.09829   
12        3.36412   0.33956   0.09303   
13        3.69422   0.37288   0.16827   
14        4.22878   0.42684   0.28553   
15        4.73312   0.47775   0.23540   
16        4.91953   0.49656   0.15914   
17        5.09890   0.51467   0.10513   
18        5.26805   0.53174   0.06179   
19        5.57230   0.56245   0.15448   
20        5.82626   0.58809   0.08213   
21        6.07039   0.61273   0.09158   
22        6.31348   0.63726   0.11105   
23        6.55811   0.66196   0.09893   
24        6.86152   0.69258   0.12827   
25        7.10455   0.71711   0.13649   
26        7.36125   0.74302   0.08501   
27        7.62917   0.77007   0.07380   
28        7.95014   0.80246   0.11621   
29        8.24830   0.83256   0.16232   
30        8.61306   0.86938   0.20543   
31        8.91284   0.89964   0.24553   
32        9.12381   0.92093   0.18470   
33        9.42021   0.95085   0.19722   
34        9.66020   0.97507   0.10410   
35        9.90716   1.00000   0.00000   
