13
image # 1 Energy = -286.92435
C 1.34749   0.84710   -0.56978  
C 0.24904   -1.41718  -0.23039  
C -0.93021  -1.06430  0.35475   
C -1.37470  0.26939   0.66989   
C -0.71273  1.46347   0.45564   
N 0.48849   1.77447   -0.08596  
H 2.25808   1.30171   -0.96639  
H 0.42523   -2.47808  -0.39667  
H -1.61665  -1.86708  0.61623   
H -2.35280  0.35184   1.13772   
H -1.25443  2.35306   0.78458   
C 1.30149   -0.53170  -0.65936  
H 2.17171   -1.00270  -1.11028  
13
image # 2 Energy = -286.91635
C 1.37771   0.84450   -0.58660  
C 0.22580   -1.40846  -0.21951  
C -0.98112  -1.06917  0.37868   
C -1.41742  0.25593   0.68867   
C -0.71916  1.43530   0.45434   
N 0.47110   1.71851   -0.08205  
H 2.26577   1.33850   -0.96617  
H 0.38056   -2.47582  -0.37643  
H -1.67289  -1.87654  0.64393   
H -2.38820  0.36728   1.15890   
H -1.22590  2.34571   0.77169   
C 1.36810   -0.52921  -0.70013  
H 2.29702   -0.94875  -1.15887  
13
image # 3 Energy = -286.89484
C 1.39863   0.81419   -0.60160  
C 0.19667   -1.40019  -0.20647  
C -1.00428  -1.07504  0.38937   
C -1.46670  0.24546   0.71034   
C -0.73081  1.39749   0.45491   
N 0.46323   1.64630   -0.08296  
H 2.28175   1.38064   -0.96751  
H 0.32923   -2.46861  -0.35208  
H -1.72912  -1.88337  0.67295   
H -2.43459  0.38606   1.18682   
H -1.19889  2.33920   0.75939   
C 1.44557   -0.53003  -0.75128  
H 2.41864   -0.87978  -1.20231  
13
image # 4 Energy = -286.86229
C 1.42823   0.80408   -0.61573  
C 0.17599   -1.39879  -0.19817  
C -1.04723  -1.07827  0.40964   
C -1.50978  0.23535   0.72867   
C -0.74830  1.36570   0.45885   
N 0.45346   1.55408   -0.08256  
H 2.28149   1.41005   -0.95951  
H 0.27839   -2.45935  -0.32677  
H -1.76773  -1.87841  0.69521   
H -2.48336  0.40302   1.21655   
H -1.17390  2.32963   0.74726   
C 1.53342   -0.54136  -0.81825  
H 2.53915   -0.80033  -1.24257  
13
image # 5 Energy = -286.82718
C 1.45934   0.76955   -0.63100  
C 0.15998   -1.38415  -0.19370  
C -1.07327  -1.06778  0.42245   
C -1.56136  0.23169   0.75061   
C -0.75798  1.33772   0.45915   
N 0.43497   1.44967   -0.07166  
H 2.27615   1.43096   -0.94025  
H 0.22984   -2.45999  -0.30126  
H -1.78764  -1.86692  0.71059   
H -2.52553  0.41437   1.24280   
H -1.15538  2.31817   0.73679   
C 1.59133   -0.53310  -0.88538  
H 2.66084   -0.72625  -1.28354  
13
image # 6 Energy = -286.78502
C 1.46271   0.75490   -0.62691  
C 0.13354   -1.37469  -0.18620  
C -1.09395  -1.03585  0.43385   
C -1.61226  0.22506   0.76753   
C -0.76550  1.31287   0.45416   
N 0.43221   1.32345   -0.04069  
H 2.28057   1.44547   -0.89615  
H 0.19277   -2.44708  -0.27470  
H -1.80730  -1.86640  0.72668   
H -2.56399  0.42395   1.26511   
H -1.13766  2.30654   0.72297   
C 1.65388   -0.54162  -0.99345  
H 2.77356   -0.65593  -1.33439  
13
image # 7 Energy = -286.75015
C 1.47922   0.73092   -0.63364  
C 0.09805   -1.38115  -0.18141  
C -1.12253  -1.04069  0.44721   
C -1.63852  0.24435   0.76449   
C -0.78135  1.29463   0.45564   
N 0.42891   1.20448   0.01805   
H 2.29914   1.44727   -0.80068  
H 0.18105   -2.42054  -0.25380  
H -1.81452  -1.86496  0.73778   
H -2.59836  0.43318   1.27998   
H -1.11787  2.29838   0.70507   
C 1.69937   -0.51683  -1.11295  
H 2.83712   -0.60006  -1.40569  
13
image # 8 Energy = -286.74284
C 1.49888   0.72867   -0.62554  
C 0.04873   -1.37585  -0.19753  
C -1.13871  -1.04202  0.45454   
C -1.66962  0.25935   0.74658   
C -0.78304  1.29372   0.46112   
N 0.44292   1.06866   0.08532   
H 2.34155   1.43478   -0.61539  
H 0.19945   -2.42645  -0.23411  
H -1.80150  -1.86128  0.75194   
H -2.62452  0.44880   1.28036   
H -1.08620  2.30894   0.67356   
C 1.69903   -0.47973  -1.22728  
H 2.82407   -0.56659  -1.53098  
13
image # 9 Energy = -286.73653
C 1.53042   0.75145   -0.55319  
C 0.00378   -1.39224  -0.27016  
C -1.14179  -1.02806  0.43602   
C -1.68180  0.28465   0.70693   
C -0.75401  1.31220   0.47103   
N 0.44943   0.94444   0.17321   
H 2.42621   1.35311   -0.28100  
H 0.27097   -2.43822  -0.20707  
H -1.75253  -1.86031  0.78837   
H -2.63114  0.47503   1.24311   
H -1.02669  2.35814   0.60246   
C 1.61056   -0.40762  -1.31199  
H 2.64640   -0.58013  -1.76840  
13
image # 10 Energy = -286.73103
C 1.57210   0.74528   -0.45885  
C -0.02330  -1.38668  -0.32801  
C -1.15500  -1.01975  0.41513   
C -1.68326  0.28661   0.68489   
C -0.72339  1.32150   0.48192   
N 0.45271   0.87653   0.22227   
H 2.48610   1.19892   -0.00010  
H 0.34136   -2.41182  -0.20500  
H -1.72466  -1.86629  0.82130   
H -2.63366  0.49328   1.20463   
H -0.96978  2.38745   0.53374   
C 1.54207   -0.32026  -1.34853  
H 2.46824   -0.53935  -1.98748  
13
image # 11 Energy = -286.71166
C 1.60140   0.71152   -0.39712  
C -0.06313  -1.36127  -0.33316  
C -1.19290  -1.03730  0.41600   
C -1.68898  0.27655   0.69423   
C -0.70012  1.30654   0.48798   
N 0.44571   0.86666   0.22339   
H 2.50837   1.04058   0.10876   
H 0.38560   -2.36078  -0.23711  
H -1.74847  -1.88424  0.82953   
H -2.62492  0.49540   1.17969   
H -0.93738  2.38174   0.51395   
C 1.56377   -0.25229  -1.35866  
H 2.40269   -0.42178  -2.09007  
13
image # 12 Energy = -286.70056
C 1.62630   0.66805   -0.40244  
C -0.09549  -1.31904  -0.30920  
C -1.22770  -1.03570  0.41757   
C -1.69464  0.25852   0.71566   
C -0.71478  1.28660   0.49664   
N 0.43056   0.79875   0.22802   
H 2.51812   0.94901   0.15025   
H 0.39508   -2.30629  -0.25586  
H -1.79023  -1.90229  0.82089   
H -2.64765  0.49890   1.18754   
H -0.91677  2.35490   0.52102   
C 1.61923   -0.19717  -1.40793  
H 2.45108   -0.29296  -2.12671  
13
image # 13 Energy = -286.72922
C 1.62751   0.64712   -0.44241  
C -0.11620  -1.26856  -0.24171  
C -1.27459  -1.05137  0.43414   
C -1.71922  0.25067   0.75319   
C -0.73653  1.24229   0.50126   
N 0.40568   0.68856   0.21382   
H 2.50076   0.91717   0.10901   
H 0.37735   -2.25274  -0.26399  
H -1.84849  -1.91961  0.79323   
H -2.67132  0.49509   1.21441   
H -0.91391  2.31621   0.55522   
C 1.70654   -0.12409  -1.50226  
H 2.61792   -0.17644  -2.09189  
13
image # 14 Energy = -286.79232
C 1.62930   0.61156   -0.53263  
C -0.14941  -1.18278  -0.12254  
C -1.34645  -1.07587  0.45734   
C -1.75262  0.23955   0.82325   
C -0.77343  1.17026   0.51078   
N 0.36100   0.51125   0.17036   
H 2.46885   0.96190   -0.02310  
H 0.34050   -2.15888  -0.27249  
H -1.94515  -1.94103  0.73883   
H -2.70767  0.48285   1.25716   
H -0.92331  2.24994   0.62279   
C 1.87099   -0.06190  -1.61442  
H 2.88542   -0.03759  -1.99637  
13
image # 15 Energy = -286.82414
C 1.62572   0.54358   -0.60074  
C -0.17265  -1.08119  -0.01963  
C -1.41807  -1.09264  0.48244   
C -1.78647  0.22034   0.88469   
C -0.78883  1.09978   0.53367   
N 0.31104   0.32889   0.10690   
H 2.43119   1.05006   -0.14385  
H 0.31005   -2.03531  -0.28275  
H -2.03187  -1.95789  0.67874   
H -2.74855  0.47433   1.29480   
H -0.91605  2.18031   0.68277   
C 2.03887   -0.03978  -1.69153  
H 3.10547   0.08446   -1.92076  
13
image # 16 Energy = -286.83519
C 1.61513   0.50758   -0.59642  
C -0.19094  -1.06392  0.01113   
C -1.44694  -1.10283  0.49835   
C -1.79720  0.21547   0.89516   
C -0.78516  1.06710   0.54324   
N 0.29504   0.27679   0.07121   
H 2.41232   1.02726   -0.10014  
H 0.32924   -1.97363  -0.29719  
H -2.06369  -1.97417  0.65762   
H -2.75783  0.48224   1.29888   
H -0.87226  2.15003   0.68532   
C 2.07979   0.00895   -1.72087  
H 3.14278   0.16195   -1.94693  
13
image # 17 Energy = -286.84602
C 1.60371   0.48753   -0.58086  
C -0.19809  -1.06592  0.02281   
C -1.46238  -1.11099  0.51235   
C -1.80715  0.21385   0.89308   
C -0.77249  1.04561   0.54605   
N 0.28959   0.23855   0.04464   
H 2.39103   0.97638   -0.02129  
H 0.35995   -1.92867  -0.31008  
H -2.08027  -1.98647  0.64470   
H -2.76260  0.49791   1.29745   
H -0.81324  2.12784   0.67231   
C 2.08414   0.07129   -1.73142  
H 3.12893   0.22520   -1.99343  
13
image # 18 Energy = -286.85440
C 1.57313   0.49589   -0.56718  
C -0.19614  -1.07912  0.03330   
C -1.46835  -1.11560  0.52833   
C -1.81377  0.21497   0.87908   
C -0.75457  1.02218   0.54576   
N 0.28829   0.21084   0.02131   
H 2.35800   0.94552   0.06514   
H 0.39038   -1.90295  -0.31950  
H -2.08594  -1.99605  0.63340   
H -2.76410  0.51810   1.29817   
H -0.74377  2.10443   0.65432   
C 2.06658   0.12102   -1.73330  
H 3.11205   0.26075   -2.04353  
13
image # 19 Energy = -286.85644
C 1.58085   0.50874   -0.48024  
C -0.19873  -1.08149  0.02472   
C -1.46993  -1.12093  0.52965   
C -1.80417  0.21414   0.85707   
C -0.73611  1.02269   0.53461   
N 0.28804   0.20000   0.00310   
H 2.38418   0.81166   0.20398   
H 0.43714   -1.88375  -0.33070  
H -2.07060  -2.00084  0.64513   
H -2.76181  0.53384   1.27193   
H -0.68866  2.10474   0.61655   
C 2.01220   0.17599   -1.72591  
H 2.98937   0.32416   -2.15175  
13
image # 20 Energy = -286.85786
C 1.60616   0.48045   -0.47001  
C -0.18889  -1.08537  0.00619   
C -1.45460  -1.12037  0.51722   
C -1.80338  0.21957   0.85435   
C -0.73954  1.03499   0.51994   
N 0.27161   0.20738   0.00393   
H 2.41697   0.64586   0.27786   
H 0.44726   -1.89218  -0.33174  
H -2.05650  -2.00328  0.66269   
H -2.75087  0.53771   1.25562   
H -0.67129  2.10974   0.59195   
C 1.95746   0.27523   -1.70800  
H 2.92739   0.41059   -2.18072  
13
image # 21 Energy = -286.85564
C 1.62147   0.47604   -0.42286  
C -0.17995  -1.10342  -0.01997  
C -1.44093  -1.11521  0.50954   
C -1.79457  0.22072   0.83908   
C -0.73712  1.04094   0.50701   
N 0.26585   0.23512   0.00951   
H 2.42171   0.47509   0.32193   
H 0.45560   -1.91456  -0.33650  
H -2.03937  -2.00815  0.68248   
H -2.74451  0.54388   1.24667   
H -0.65608  2.11963   0.56964   
C 1.91804   0.37736   -1.70599  
H 2.87238   0.48559   -2.19944  
13
image # 22 Energy = -286.85325
C 1.61565   0.45820   -0.40203  
C -0.18178  -1.11343  -0.03784  
C -1.44027  -1.12334  0.50839   
C -1.79627  0.21991   0.82585   
C -0.73055  1.04585   0.50002   
N 0.28317   0.24221   0.00752   
H 2.41439   0.30610   0.34568   
H 0.46040   -1.93399  -0.34631  
H -2.02633  -2.00773  0.69724   
H -2.73876  0.55179   1.24230   
H -0.63746  2.12334   0.55177   
C 1.89781   0.50204   -1.67809  
H 2.84296   0.57814   -2.21179  
13
image # 23 Energy = -286.85358
C 1.62034   0.44071   -0.39563  
C -0.18411  -1.12567  -0.04118  
C -1.44435  -1.12533  0.50926   
C -1.80116  0.22425   0.82155   
C -0.73104  1.03939   0.49812   
N 0.27450   0.22564   0.00382   
H 2.40251   0.14465   0.32464   
H 0.45008   -1.94213  -0.35516  
H -2.03102  -2.01538  0.70798   
H -2.73493  0.55925   1.24555   
H -0.62180  2.11588   0.54276   
C 1.90799   0.63550   -1.66459  
H 2.85603   0.69080   -2.19471  
13
image # 24 Energy = -286.84857
C 1.61057   0.43205   -0.42534  
C -0.19565  -1.14531  -0.04221  
C -1.44935  -1.11956  0.51143   
C -1.80181  0.22202   0.81437   
C -0.72864  1.04114   0.49333   
N 0.28401   0.23153   0.02696   
H 2.39159   -0.01024  0.21533   
H 0.40048   -2.00560  -0.36323  
H -2.02806  -2.01219  0.72726   
H -2.73096  0.55578   1.26433   
H -0.66235  2.12780   0.55407   
C 1.93909   0.78802   -1.65375  
H 2.93398   0.78038   -2.11772  
13
image # 25 Energy = -286.84898
C 1.60386   0.41593   -0.45546  
C -0.19977  -1.15308  -0.03007  
C -1.45947  -1.12588  0.51545   
C -1.81352  0.22335   0.81994   
C -0.72382  1.04152   0.49091   
N 0.28570   0.20817   0.02790   
H 2.37455   -0.12293  0.11848   
H 0.36262   -2.02026  -0.36864  
H -2.03228  -2.00783  0.73084   
H -2.72534  0.55236   1.27456   
H -0.68012  2.11677   0.56493   
C 1.98194   0.90534   -1.63327  
H 2.98808   0.86876   -2.04585  
13
image # 26 Energy = -286.85061
C 1.59350   0.40010   -0.50557  
C -0.21043  -1.15342  -0.00980  
C -1.46070  -1.12226  0.51872   
C -1.79968  0.22508   0.81730   
C -0.73567  1.02128   0.49201   
N 0.29233   0.18769   0.02473   
H 2.35316   -0.22536  -0.00077  
H 0.32385   -2.03454  -0.37313  
H -2.04154  -2.00777  0.73370   
H -2.72482  0.54939   1.28775   
H -0.69846  2.11153   0.57830   
C 2.02537   1.01328   -1.59007  
H 3.04536   0.95218   -1.95704  
13
image # 27 Energy = -286.85046
C 1.57902   0.37944   -0.54914  
C -0.20944  -1.14632  0.00557   
C -1.46430  -1.12039  0.52330   
C -1.80317  0.22024   0.82198   
C -0.73073  1.01410   0.48801   
N 0.29911   0.16523   0.02581   
H 2.32164   -0.32684  -0.14238  
H 0.28731   -2.04486  -0.37263  
H -2.04754  -2.00620  0.73785   
H -2.71586  0.54229   1.29424   
H -0.72006  2.10096   0.58947   
C 2.06784   1.12288   -1.53345  
H 3.09813   1.03018   -1.86423  
13
image # 28 Energy = -286.84082
C 1.55783   0.36384   -0.60444  
C -0.20708  -1.16323  -0.00375  
C -1.44950  -1.12667  0.52281   
C -1.78215  0.22217   0.81590   
C -0.72881  1.02193   0.47403   
N 0.33095   0.18097   0.06142   
H 2.28181   -0.41884  -0.33398  
H 0.22316   -2.09796  -0.35586  
H -2.04025  -1.98819  0.75605   
H -2.69951  0.52931   1.30059   
H -0.77262  2.10554   0.59900   
C 2.10724   1.22777   -1.45618  
H 3.14065   1.08449   -1.74575  
13
image # 29 Energy = -286.83219
C 1.53284   0.34803   -0.64624  
C -0.20373  -1.16866  -0.01524  
C -1.42963  -1.11375  0.52832   
C -1.77238  0.21663   0.81490   
C -0.72721  1.02515   0.45593   
N 0.36032   0.17603   0.07468   
H 2.22903   -0.48975  -0.52552  
H 0.18686   -2.14540  -0.33276  
H -2.03928  -1.98335  0.77614   
H -2.67507  0.51943   1.29750   
H -0.80225  2.11160   0.59665   
C 2.13597   1.31284   -1.35274  
H 3.16685   1.13908   -1.64134  
13
image # 30 Energy = -286.82874
C 1.51117   0.32791   -0.68785  
C -0.19922  -1.21352  -0.03693  
C -1.40027  -1.13192  0.54016   
C -1.73952  0.21696   0.81292   
C -0.72597  1.04472   0.42140   
N 0.37504   0.21390   0.07223   
H 2.16835   -0.54045  -0.76545  
H 0.14808   -2.23159  -0.29727  
H -2.04249  -1.96542  0.80505   
H -2.65025  0.51929   1.29851   
H -0.82171  2.13485   0.58327   
C 2.15712   1.37480   -1.21044  
H 3.18165   1.20294   -1.51264  
13
image # 31 Energy = -286.82419
C 1.52317   0.31380   -0.68539  
C -0.19294  -1.27368  -0.03089  
C -1.40298  -1.14436  0.56226   
C -1.71550  0.21559   0.81587   
C -0.71821  1.05800   0.41053   
N 0.34284   0.23641   -0.01678  
H 2.12050   -0.56675  -0.93780  
H 0.15224   -2.30193  -0.28320  
H -2.05361  -1.95786  0.82512   
H -2.62763  0.53267   1.29642   
H -0.78843  2.15414   0.55405   
C 2.14706   1.39942   -1.08228  
H 3.17543   1.29004   -1.42017  
13
image # 32 Energy = -286.82036
C 1.52696   0.29568   -0.68349  
C -0.19386  -1.29999  -0.01599  
C -1.40524  -1.14788  0.57005   
C -1.71367  0.21446   0.82075   
C -0.69401  1.04023   0.40735   
N 0.30747   0.19608   -0.08842  
H 2.09921   -0.58361  -0.99914  
H 0.17802   -2.30200  -0.28538  
H -2.07420  -1.96448  0.83701   
H -2.61548  0.55828   1.29389   
H -0.71552  2.15249   0.51396   
C 2.11601   1.41137   -0.99891  
H 3.14992   1.38925   -1.37375  
13
image # 33 Energy = -286.83875
C 1.52678   0.26047   -0.69327  
C -0.21181  -1.32045  -0.00352  
C -1.44905  -1.15885  0.59310   
C -1.70490  0.22607   0.82108   
C -0.67011  1.00586   0.39591   
N 0.29431   0.14032   -0.11890  
H 2.09226   -0.61767  -1.02660  
H 0.22134   -2.29550  -0.29766  
H -2.11461  -1.96662  0.85415   
H -2.59766  0.61271   1.28693   
H -0.57505  2.10570   0.43945   
C 2.09450   1.43422   -0.93050  
H 3.07677   1.55260   -1.32599  
13
image # 34 Energy = -286.86273
C 1.53594   0.25976   -0.70336  
C -0.24875  -1.29771  0.01619   
C -1.46470  -1.16332  0.60069   
C -1.71267  0.23140   0.82728   
C -0.64110  0.96845   0.37956   
N 0.28168   0.05655   -0.12662  
H 2.07573   -0.64460  -1.02815  
H 0.25740   -2.24501  -0.30593  
H -2.14200  -1.96829  0.86302   
H -2.59134  0.65314   1.28298   
H -0.47293  2.03870   0.38411   
C 2.08274   1.42834   -0.89403  
H 3.03736   1.67863   -1.30189  
13
image # 35 Energy = -286.87239
C 1.53179   0.23753   -0.70522  
C -0.26681  -1.28907  0.02379   
C -1.49716  -1.15744  0.61675   
C -1.71750  0.23870   0.83211   
C -0.61585  0.90986   0.36261   
N 0.27799   -0.02380  -0.13272  
H 2.05091   -0.67110  -1.02201  
H 0.27886   -2.16226  -0.30483  
H -2.16771  -1.96715  0.87082   
H -2.58981  0.69453   1.28119   
H -0.37427  1.96176   0.33057   
C 2.08402   1.42288   -0.87135  
H 3.00553   1.80555   -1.28170  
