#perp_grad magnitudes
1         0.00000   0.00000   0.00000   
2         0.14562   0.03323   0.04948   
3         0.28495   0.06502   0.04752   
4         0.46892   0.10700   0.07188   
5         0.65405   0.14925   0.12946   
6         0.81204   0.18530   0.06570   
7         0.97028   0.22141   0.09800   
8         1.14058   0.26027   0.06976   
9         1.30284   0.29730   0.09102   
10        1.53969   0.35135   0.14224   
11        1.71339   0.39098   0.16899   
12        1.87113   0.42698   0.12193   
13        2.05146   0.46813   0.11492   
14        2.18239   0.49801   0.06180   
15        2.37292   0.54148   0.09468   
16        2.55130   0.58219   0.13498   
17        2.82902   0.64556   0.08162   
18        2.99372   0.68315   0.05693   
19        3.12872   0.71395   0.04807   
20        3.27949   0.74835   0.05358   
21        3.43583   0.78403   0.04104   
22        3.58840   0.81885   0.06683   
23        3.74553   0.85470   0.07747   
24        3.90335   0.89072   0.07385   
25        4.08106   0.93127   0.03714   
26        4.22760   0.96471   0.22541   
27        4.38226   1.00000   0.00000   
