# Energy profile
1         0.00000   0.00000   -286.83831          0.00000             
2         0.14562   0.03323   -286.83684          0.92342             
3         0.28495   0.06502   -286.83449          2.39816             
4         0.46892   0.10700   -286.83116          4.49084             
5         0.65405   0.14925   -286.82512          8.27776             
6         0.81204   0.18530   -286.82173          10.40571            
7         0.97028   0.22141   -286.81507          14.58499            
8         1.14058   0.26027   -286.80871          18.57765            
9         1.30284   0.29730   -286.80099          23.42354            
10        1.53969   0.35135   -286.81546          14.33897            
11        1.71339   0.39098   -286.81997          11.50920            
12        1.87113   0.42698   -286.81573          14.17430            
13        2.05146   0.46813   -286.81641          13.74264            
14        2.18239   0.49801   -286.81809          12.69254            
15        2.37292   0.54148   -286.81934          11.90664            
16        2.55130   0.58219   -286.82039          11.24478            
17        2.82902   0.64556   -286.80880          18.52267            
18        2.99372   0.68315   -286.81855          12.40045            
19        3.12872   0.71395   -286.83260          3.58484             
20        3.27949   0.74835   -286.84425          -3.72313            
21        3.43583   0.78403   -286.85381          -9.72645            
22        3.58840   0.81885   -286.86007          -13.65476           
23        3.74553   0.85470   -286.86502          -16.75621           
24        3.90335   0.89072   -286.86869          -19.06122           
25        4.08106   0.93127   -286.87241          -21.39717           
26        4.22760   0.96471   -286.87303          -21.78715           
27        4.38226   1.00000   -286.87550          -23.33365           
