# Energy profile
1         0.00000   0.00000   -286.85847          0.00000             
2         0.13331   0.03773   -286.85610          1.48636             
3         0.26325   0.07450   -286.85636          1.31918             
4         0.39168   0.11085   -286.85414          2.71809             
5         0.55079   0.15587   -286.85297          3.45191             
6         0.66685   0.18872   -286.85093          4.72771             
7         0.77930   0.22054   -286.84739          6.94960             
8         0.91534   0.25904   -286.84303          9.68780             
9         1.04485   0.29569   -286.83745          13.18958            
10        1.16487   0.32966   -286.83038          17.62222            
11        1.28810   0.36453   -286.82138          23.27424            
12        1.41406   0.40018   -286.81213          29.07862            
13        1.61908   0.45820   -286.81162          29.39535            
14        1.83209   0.51848   -286.78903          43.57248            
15        1.95472   0.55318   -286.78642          45.21234            
16        2.05665   0.58203   -286.78997          42.97967            
17        2.23187   0.63162   -286.79032          42.76120            
18        2.35188   0.66558   -286.79706          38.53339            
19        2.48713   0.70385   -286.80392          34.22652            
20        2.61562   0.74022   -286.81097          29.80403            
21        2.73003   0.77259   -286.81802          25.38396            
22        2.86940   0.81203   -286.82336          22.03216            
23        3.04246   0.86101   -286.82897          18.51183            
24        3.17686   0.89905   -286.83216          16.51027            
25        3.30103   0.93419   -286.83558          14.36000            
26        3.41542   0.96656   -286.83708          13.42257            
27        3.53359   1.00000   -286.83833          12.63571            
