#perp_grad magnitudes
1         0.00000   0.00000   0.00000   
2         0.23587   0.04337   0.05238   
3         0.47096   0.08660   0.05835   
4         0.71988   0.13237   0.08640   
5         0.94865   0.17443   0.07173   
6         1.18605   0.21808   0.06245   
7         1.42465   0.26195   0.06228   
8         1.66920   0.30692   0.12850   
9         1.90543   0.35035   0.21314   
10        2.21483   0.40724   0.22981   
11        2.48296   0.45654   0.17354   
12        2.70790   0.49790   0.12042   
13        2.97953   0.54785   0.11269   
14        3.22835   0.59360   0.11993   
15        3.47022   0.63807   0.10058   
16        3.72480   0.68488   0.09817   
17        3.97307   0.73053   0.08595   
18        4.21913   0.77577   0.08705   
19        4.47464   0.82275   0.08659   
20        4.68861   0.86210   0.07969   
21        4.94132   0.90856   0.08470   
22        5.19473   0.95516   0.07729   
23        5.43862   1.00000   0.00000   
