# Energy profile
1         0.00000   0.00000   -286.85164          0.00000             
2         0.23587   0.04337   -286.84711          2.84205             
3         0.47096   0.08660   -286.83831          8.35991             
4         0.71988   0.13237   -286.82261          18.21172            
5         0.94865   0.17443   -286.80447          29.59702            
6         1.18605   0.21808   -286.78235          43.47661            
7         1.42465   0.26195   -286.75868          58.32917            
8         1.66920   0.30692   -286.72576          78.98958            
9         1.90543   0.35035   -286.74126          69.26151            
10        2.21483   0.40724   -286.79256          37.07154            
11        2.48296   0.45654   -286.81395          23.64836            
12        2.70790   0.49790   -286.83666          9.40100             
13        2.97953   0.54785   -286.85570          -2.54872            
14        3.22835   0.59360   -286.86369          -7.56178            
15        3.47022   0.63807   -286.87533          -14.86517           
16        3.72480   0.68488   -286.88522          -21.07651           
17        3.97307   0.73053   -286.89390          -26.51782           
18        4.21913   0.77577   -286.89969          -30.15548           
19        4.47464   0.82275   -286.90411          -32.92581           
20        4.68861   0.86210   -286.91102          -37.26572           
21        4.94132   0.90856   -286.91653          -40.72057           
22        5.19473   0.95516   -286.92187          -44.07046           
23        5.43862   1.00000   -286.92435          -45.62697           
