$hessian approximate
Dimension     39
   1.00976304527368     
 -3.174854335858263E-003  0.999587976524079     
 -6.424175312248053E-003 -3.930366348120240E-003  0.979142468554228     
 -1.976191467489712E-003 -3.980984377153138E-003 -1.796755604842544E-002
  0.985600061382307     
  1.035027867730387E-003 -3.845753931763573E-005  5.613071904129401E-004
  7.447724692944448E-004   1.00004819794139     
 -1.515184258936694E-002 -1.084441704254743E-002 -5.575477411463108E-002
 -4.741719367084545E-002  1.648820924109490E-003  0.851308339106313     
  3.762970360722965E-003 -2.341903682625413E-003 -7.135997463701095E-003
 -4.341039149441426E-003  6.297221454301128E-004 -1.804952687111942E-002
   1.00058469739023     
  7.186590224306052E-003 -2.574359360790861E-004  3.937329570502620E-003
  5.201931973276233E-003  3.326773930263112E-004  1.155309098548759E-002
  4.379822714491567E-003   1.00229609936191     
  7.329492395690433E-003 -6.329843797655329E-003 -2.126843394526858E-002
 -1.411566702555560E-002  1.591531260968674E-003 -5.446434682882567E-002
 -2.300481516077776E-004  1.107680258873518E-002  0.994720802276787     
 -5.380498853944737E-003 -6.611822688157749E-004 -6.506345720969616E-003
 -6.627964173263221E-003 -7.282859221006163E-005 -1.797337934255483E-002
 -3.940170230313268E-003 -4.896714324995914E-004 -1.062601775831883E-002
  0.998941373245269     
 -2.720674929183875E-003  4.774820332739279E-004  9.307834425620115E-005
 -7.528989354377829E-004 -2.043774734387071E-004 -2.243586774158535E-004
 -1.363905632233579E-003 -1.416366495957449E-003 -3.155169414284370E-003
  8.196552800674113E-004   1.00064334858419     
  4.737659807228682E-003 -5.150678154528714E-004  1.156433614066067E-003
  2.323834640529594E-003  2.905917559030851E-004  3.845353312308133E-003
  2.619981081253768E-003  2.010880053966611E-003  6.358689485339741E-003
 -8.992268288899726E-004 -1.031091401014887E-003   1.00157085082542     
 -5.800411412605713E-003 -8.574943842258342E-004 -7.617174401378659E-003
 -7.608445250465876E-003 -4.864518136888187E-005 -2.095614763633436E-002
 -4.359702060472460E-003 -3.195470756960188E-004 -1.185066966389295E-002
 -1.382775841149997E-003  8.428234534022976E-004 -8.666594621582987E-004
  0.998234429810071     
 -7.077113486700655E-003  1.801757948670428E-003  2.574605288004781E-003
 -1.668510005101999E-004 -6.471543697759154E-004  5.527776838340250E-003
 -3.114537617980886E-003 -4.490120663446043E-003 -6.678154416915598E-003
  3.066308352567718E-003  1.831309191768113E-003 -3.079512832956701E-003
  3.255556182792289E-003   1.00495727700970     
 -3.831796117564658E-003 -5.035835714806347E-003 -2.365704657156710E-002
 -1.933238408583498E-002  8.903056450809758E-004 -6.264367454772186E-002
 -6.339991955861171E-003  6.223432693645128E-003 -2.003927002987518E-002
 -8.373072268968822E-003 -7.033384884271808E-004  2.600765682439497E-003
 -9.655880012946868E-003  6.046359231239675E-004  0.974184106067650     
 -2.633071606405019E-003 -2.238251580050671E-003 -1.116305522634217E-002
 -9.372347993581566E-003  3.595353033005008E-004 -2.970166087939920E-002
 -3.410458750517034E-003  2.516933152582753E-003 -1.043114577254927E-002
 -3.713771697757444E-003 -1.387182363019342E-004  9.193855543949251E-004
 -4.313626088205361E-003  8.382552955909634E-004 -1.242447047423210E-002
  0.994080691549818     
  1.617069563455253E-002 -3.760494977951077E-003 -4.397603095799042E-003
  1.522033885485405E-003  1.405144741025241E-003 -8.739215518636125E-003
  7.392394032202883E-003  9.746506529140908E-003  1.623279188693627E-002
 -6.411457347733331E-003 -4.083926966747675E-003  6.783423980678327E-003
 -6.761747198310638E-003 -1.120374113654463E-002  1.683901065805560E-004
 -1.151843370500556E-003   1.02523012302924     
  4.552430918951432E-003 -1.022038089163678E-002 -3.941739838134051E-002
 -2.889762017751028E-002  2.286483828004706E-003 -0.102494683245373     
 -5.011362314570461E-003  1.593394462629653E-002 -2.046052884225722E-002
 -1.709633473875448E-002 -3.732816633844173E-003  8.414583450299261E-003
 -1.930619447480045E-002 -6.323265513067170E-003 -3.979660341882157E-002
 -1.995167198824209E-002  1.660462900507066E-002  0.949239863539434     
  1.886431897478234E-003  7.128436343600201E-003  3.102127509033501E-002
  2.439948488033060E-002 -1.397872251915473E-003  8.160400775602747E-002
  6.720430991730972E-003 -9.757352151369232E-003  2.256759364401726E-002
  1.188196873767859E-002  1.657089583266816E-003 -4.581383602846493E-003
  1.358488964242067E-002  1.310562060570586E-003  3.292884275113221E-002
  1.607690017446228E-002 -4.904703563901165E-003  4.772342336770875E-002
  0.958870156811846     
 -2.463219106524517E-003 -2.687101552404775E-003 -1.291512330750601E-002
 -1.066666888828436E-002  4.587812011234561E-004 -3.426305097473099E-002
 -3.649707976732566E-003  3.208648077512259E-003 -1.137901599061568E-002
 -4.464342844484132E-003 -2.970288970621684E-004  1.281279106714962E-003
 -5.162208256735917E-003  5.789748494819426E-004 -1.420295570741155E-002
 -6.808371008268531E-003 -4.622890522335164E-004 -2.225411817107342E-002
  1.821938786923351E-002  0.992198261006622     
 -2.256010304945845E-004  1.461931322322472E-002  6.076540708562455E-002
  4.660640049368711E-002 -3.026081957104695E-003  0.159173606573905     
  1.117372179442336E-002 -2.110779848908905E-002  3.957118514787471E-002
  2.440225047884759E-002  4.164019838572921E-003 -1.043721772458203E-002
  2.776395366530976E-002  5.195158034622361E-003  6.334843278155908E-002
  3.122304975048782E-002 -1.545949931365455E-002  8.790790624917373E-002
 -7.800580182151139E-002  3.518290426783461E-002  0.853524851727891     
  2.925134906057520E-003  3.092449657000680E-003  1.492634483073449E-002
  1.235148174844840E-002 -5.244740815795219E-004  3.961218208442689E-002
  4.257827399587366E-003 -3.668466797347412E-003  1.324361983563591E-002
  5.137032813305289E-003  3.249433123180925E-004 -1.451579079392334E-003
  5.943055241609479E-003 -7.216373649856938E-004  1.643777203300763E-002
  7.873983245080349E-003  6.511890329959826E-004  2.583102354674949E-002
 -2.110777591811390E-002  9.026777531961454E-003 -4.078815787387750E-002
  0.989556362500158     
  3.685882460979197E-003  1.740293127154600E-003  9.821893592403850E-003
  8.661195956204725E-003 -2.158084125935053E-004  2.636885273815499E-002
  3.695791407462070E-003 -1.517950012118421E-003  1.079643795834537E-002
  2.873864570726948E-003 -1.985381705941092E-004 -2.980208771310574E-004
  3.392581754864027E-003 -1.655246978822844E-003  1.133459080910234E-002
  5.302034530999317E-003  3.057000468859163E-003  1.950113847640839E-002
 -1.503953490598186E-002  6.167013946299461E-003 -2.968051934043969E-002
 -7.122971269078317E-003  0.995412010399619     
  6.534446502496663E-003  1.125008899092726E-002  5.143769747230447E-002
  4.149002311575877E-002 -2.067748649250396E-003  0.135897343254456     
  1.287278663843781E-002 -1.444595425426932E-002  4.144718293867303E-002
  1.872240933564472E-002  1.950058597871757E-003 -6.325445277237563E-003
  2.152353132526427E-002 -1.101534988594260E-004  5.560296691105309E-002
  2.689138937528043E-002 -3.048342105548937E-003  8.397519745629083E-002
 -7.042382373821694E-002  3.064977604021291E-002 -0.134840002796420     
 -3.548484205454104E-002 -2.474600906329201E-002  0.880526700529505     
 -3.165873286757570E-003 -3.521301038116882E-004 -3.674513107557386E-003
 -3.781738566278607E-003 -5.046969497483878E-005 -1.017250613837424E-002
 -2.289815024654441E-003 -3.412578817871730E-004 -6.151489333092671E-003
 -5.612922058651185E-004  4.926893232550922E-004 -5.553080258183269E-004
 -7.435156229557319E-004  1.816975803553179E-003 -4.766184748058500E-003
 -2.106105667910941E-003 -3.810764825364485E-003 -9.836125192373335E-003
  6.793506640235143E-003 -2.537682562136365E-003  1.398655800387255E-002
  2.919296451208750E-003  1.615881879400718E-003  1.067447108523962E-002
  0.999705039992636     
 -4.722349222709316E-004  2.932663681698094E-003  1.189199447085406E-002
  8.991315214674332E-003 -6.236468054648512E-004  3.107713567330705E-002
  1.969410828081930E-003 -4.348665391350363E-003  7.238162953027833E-003
  4.898705276528970E-003  9.151493735170303E-004 -2.202340227241716E-003
  5.559437422517455E-003  1.303641197995738E-003  1.227155069356407E-002
  6.081100259594078E-003 -3.664415828634088E-003  1.659526908993286E-002
 -1.498642716142701E-002  6.830190072679876E-003 -2.797510167345578E-002
 -7.921413179806724E-003 -5.832665974338436E-003 -2.604926872098907E-002
  2.811376972800728E-003  0.994675934112752     
 -1.836351887446692E-003 -6.355124770840907E-004 -3.928568486172927E-003
 -3.574022801080461E-003  5.973396563323059E-005 -1.060934691269992E-002
 -1.662056320029319E-003  4.229389037518241E-004 -4.746381101658472E-003
 -1.045371238289654E-003  1.641907822460646E-004 -1.590548014114741E-005
 -1.250449866270762E-003  9.047509838307023E-004 -4.640146201215497E-003
 -2.145540489212875E-003 -1.763151210216209E-003 -8.314832043821245E-003
  6.251982987812940E-003 -2.513393726957504E-003  1.245572112405006E-002
  2.900616381143422E-003  1.814733690275681E-003  1.018496649555179E-002
 -5.835973120664928E-004  2.460461948539056E-003  0.999293455459744     
  6.448472223687365E-004  6.581622287896245E-004  3.192298019422729E-003
  2.647444439710682E-003 -1.107559596656940E-004  8.475171820969574E-003
  9.203935538817142E-004 -7.747820110050102E-004  2.855167773542028E-003
  1.093122201773121E-003  6.498856930664253E-005 -3.032666130621716E-004
  1.265378756074579E-003 -1.672382753811134E-004  3.521210299190964E-003
  1.685329091241236E-003  1.679992992168970E-004  5.551847562503235E-003
 -4.526891643983703E-003  1.933040348089199E-003 -8.754416416837267E-003
 -2.236322520143086E-003 -1.522307051402074E-003 -7.604404388829244E-003
  6.210154833662318E-004 -1.700931598158106E-003  6.193281723479666E-004
  0.999521162875007     
 -2.715492360879734E-003 -3.830423091062596E-003 -1.785552996426507E-002
 -1.453790592228720E-002  6.849404510071136E-004 -4.725090778211952E-002
 -4.695546904424548E-003  4.787092129822806E-003 -1.491617241757230E-002
 -6.370497710154969E-003 -5.722108981755475E-004  2.028874264504357E-003
 -7.339887004493059E-003  3.379781268205940E-004 -1.943299020603580E-002
 -9.365454207242543E-003  3.907050613755217E-004 -2.978602161739159E-002
  2.473822120553501E-002 -1.069712199432795E-002  4.752831705577059E-002
  1.238151518169554E-002  8.564899944077612E-003  4.182720191564372E-002
 -3.627950014756236E-003  9.199949095233454E-003 -3.511645026650984E-003
  2.652599172054486E-003  0.985374520599690     
 -2.007273587816345E-003  1.400510318253327E-002  5.696373141804650E-002
  4.314641426745063E-002 -2.968617717660977E-003  0.148906144047994     
  9.562996951319885E-003 -2.070087861788721E-002  3.497263321394237E-002
  2.339197757968628E-002  4.323992517982880E-003 -1.045433897870618E-002
  2.655525688105632E-002  6.073792151423781E-003  5.885679970340451E-002
  2.914649241759698E-002 -1.717261851053486E-002  7.985505405262890E-002
 -7.195273106643905E-002  3.275009529995956E-002 -0.134414270244774     
 -3.798057136028977E-002 -2.792466238095940E-002 -0.124980336474599     
  1.342261382897347E-002 -2.559248045200048E-002  1.177224522178421E-002
 -8.154958979377220E-003  4.412899924889119E-002  0.876985449244659     
  5.524328929981075E-004  6.511735386935855E-004  3.098747527384499E-003
  2.547584462833186E-003 -1.129082933455479E-004  8.214153922160270E-003
  8.560991956153756E-004 -7.894805744252288E-004  2.684590197792729E-003
  1.082229257432930E-003  8.029823001540613E-005 -3.218126049817062E-004
  1.249924782585018E-003 -1.130611808391941E-004  3.396390879293853E-003
  1.630899039357150E-003  5.334769423603457E-005  5.284631723155125E-003
 -4.346218740154995E-003  1.866908826350267E-003 -8.379271357394634E-003
 -2.160316871685767E-003 -1.481832596987327E-003 -7.323274569128980E-003
  6.155525523109202E-004 -1.625195674457599E-003  6.051003686006538E-004
 -4.626860556704555E-004  2.557433075266226E-003 -7.793557060067251E-003
  0.999553389920413     
  1.614624372124637E-003  2.647600843341821E-004  2.228964181980469E-003
  2.201347119141516E-003  8.161511805891523E-006  6.118026142391948E-003
  1.233760961500177E-003  5.142508104906342E-005  3.370007682331280E-003
  4.284180126443867E-004 -2.272627063211228E-004  2.227404335851405E-004
  5.409804991877724E-004 -8.972127777774437E-004  2.801201790639985E-003
  1.256596399763038E-003  1.855193296224406E-003  5.531854671993155E-003
 -3.921240630871381E-003  1.499913578901752E-003 -7.990955179651709E-003
 -1.727297949308425E-003 -9.974033941586630E-004 -6.232718918428401E-003
  2.318990721673368E-004 -1.597693755198943E-003  3.703231597708233E-004
 -3.678958330276823E-004  2.128211593841739E-003 -7.632959815736572E-003
 -3.629256152459363E-004  0.999835158586877     
  2.495600718162337E-003  4.178760053925052E-003  1.915384796849236E-002
  1.546853263188206E-002 -7.653877146711947E-004  5.061480805061862E-002
  4.825100791011044E-003 -5.347505720778804E-003  1.550741075614695E-002
  6.953725359253915E-003  7.115390265471405E-004 -2.332131543994928E-003
  7.996365626145592E-003 -8.282237550578594E-005  2.072321915199320E-002
  1.001781973776437E-002 -1.042020198657098E-003  3.135850281435956E-002
 -2.626444116262368E-002  1.142109834043696E-002 -5.031096618715727E-002
 -1.322236802750807E-002 -9.211158228487115E-003 -4.453770031144662E-002
  3.964046413580091E-003 -9.721926798975209E-003  3.789247484484646E-003
 -2.833448423711459E-003  1.558997754023335E-002 -4.664276783818386E-002
 -2.729101987845358E-003 -2.315946757364195E-003  0.983397422421184     
 -4.388604895712547E-003 -1.105577454963085E-003 -7.666762792767283E-003
 -7.218742255295037E-003  5.747372727867809E-005 -2.084309965777243E-002
 -3.652186557094065E-003  4.158757488700064E-004 -1.021424091334869E-002
 -1.808625532401525E-003  5.088912845128979E-004 -3.313883192111468E-004
 -2.203513502850378E-003  2.305150389765948E-003 -9.292249746519833E-003
 -4.242305071624133E-003 -4.642204356716976E-003 -1.737104033928687E-002
  1.272665349359391E-002 -5.008821276382469E-003  2.560628322770145E-002
  5.775301885939545E-003  3.496235771765990E-003  2.051447405670895E-002
 -9.994765818996053E-004  5.085144997465441E-003 -1.335915216667575E-003
  1.231840788295126E-003 -7.043965471167059E-003  2.431431830684809E-002
  1.208434431942642E-003  6.590802029135612E-004  7.628203505676984E-003
  0.997531871681390     
 -1.259404503999844E-002  2.565976983089423E-003  1.913183325507474E-003
 -2.346587966212038E-003 -1.019481088910635E-003  2.845297058468168E-003
 -6.038171971826314E-003 -7.068489215261983E-003 -1.363351423724836E-002
  4.387886888012739E-003  3.078359471194408E-003 -5.025491319902336E-003
  4.577102249246305E-003  8.600200602288244E-003 -1.708812148104501E-003
  1.199092864466941E-004 -1.927346690320035E-002 -1.512699881110575E-002
  5.764210865247672E-003 -5.159831915319719E-004  1.569329123672444E-002
  5.083900313412638E-004 -1.642758420933249E-003  5.733176291877411E-003
  2.620903485894856E-003  3.551872427802554E-003  1.063595127814302E-003
  8.711764907498652E-005 -1.488053617445551E-003  1.672773613958244E-002
  1.671078444854304E-004 -1.246500273232950E-003  2.064834678890363E-003
  2.979359505667373E-003   1.01462641808545     
  3.199087359156061E-003 -1.267686417801575E-002 -5.059772176663377E-002
 -3.789546074743284E-002  2.740839360947708E-003 -0.132021344404200     
 -7.775353371875664E-003  1.910793656147511E-002 -2.939019061404141E-002
 -2.118503003344357E-002 -4.172353930012563E-003  9.814447801536732E-003
 -2.400417567833894E-002 -6.344205154903814E-003 -5.186257425214428E-002
 -2.579210129498361E-002  1.736715024611396E-002 -6.891750171295281E-002
  6.298677588656151E-002 -2.890741149014966E-002  0.117108250562212     
  3.353435194363039E-002  2.488361500626518E-002  0.109890423163618     
 -1.216789231292589E-002  2.223366833326539E-002 -1.053217375724334E-002
  7.202785304876770E-003 -3.886156314585464E-002  0.106908851736349     
  6.874101335631895E-003  6.891870136243586E-003  4.101965456249667E-002
 -2.184155781291396E-002 -1.644832540070330E-002  0.907304207818124     
  3.809789015021507E-003  3.182156403285251E-003  1.591691456993348E-002
  1.338041192861628E-002 -5.085774528777148E-004  4.235984111677539E-002
  4.890952897171162E-003 -3.560595854001699E-003  1.493881480204179E-002
  5.279372251927579E-003  1.848186839725201E-004 -1.290236524039689E-003
  6.134311516368335E-003 -1.232369191833070E-003  1.773181342359193E-002
  8.443883760866019E-003  1.725061160468896E-003  2.852699211936890E-002
 -2.295953695141976E-002  9.714907329154848E-003 -4.460896890149101E-002
 -1.123506086401820E-002 -7.556822489026997E-003 -3.838718664105814E-002
  2.993405820531175E-003 -8.690288435107687E-003  3.056277211450480E-003
 -2.404634188099861E-003  1.336693094376093E-002 -4.165097817563580E-002
 -2.327324864621203E-003 -1.787346602731239E-003 -1.430003516545531E-002
  6.039352092905622E-003 -2.331828874060672E-004  3.686446942591955E-002
  0.987955077606657     
  1.524813707954656E-003  1.203002683842943E-003  6.076266684064109E-003
  5.129300445932719E-003 -1.889775401892662E-004  1.618294947263905E-002
  1.902871727854028E-003 -1.323420790986486E-003  5.786136001496624E-003
  1.995141763436171E-003  5.406292958358753E-005 -4.662650779401947E-004
  2.321047482591621E-003 -5.176630637710196E-004  6.789824557763424E-003
  3.228274145194659E-003  7.636618850006653E-004  1.099028196470364E-002
 -8.810777231225942E-003  3.717741926830483E-003 -1.714304767885475E-002
 -4.299004072006377E-003 -2.880846484542695E-003 -1.471010654382123E-002
  1.130528515280298E-003 -3.342312205801395E-003  1.162973860582689E-003
 -9.199965306160075E-004  5.119512566573706E-003 -1.601750103900448E-002
 -8.908652673536692E-004 -6.767508106455332E-004 -5.479441814462671E-003
  2.293356887615072E-003 -1.680949733304329E-004  1.418564366239116E-002
 -4.604691565956489E-003  0.998240083893997     
  6.283227531510012E-004  6.135022839628627E-003  2.600435720783062E-002
  2.016469942836513E-002 -1.241777900243633E-003  6.824257583984174E-002
  5.149749166944418E-003 -8.664218956495296E-003  1.779124749633861E-002
  1.023441521893541E-002  1.612249457655914E-003 -4.196085202273387E-003
  1.166824374402800E-002  1.737394624412489E-003  2.732302475999626E-002
  1.341150931289308E-002 -5.533935390644671E-003  3.865044006254452E-002
 -3.385572011688660E-002  1.514991633610134E-002 -6.385290431912602E-002
 -1.755839228666857E-002 -1.266089241143345E-002 -5.827899342833513E-002
  5.859926863364374E-003 -1.222712529052383E-002  5.291718212335528E-003
 -3.767314136942180E-003  2.051146016127538E-002 -5.872919510776717E-002
 -3.610698379789347E-003 -3.362407540510230E-003 -2.174054735425018E-002
  1.083297573678761E-002  5.902028150876497E-003  5.127567085702008E-002
 -1.915771729525758E-002 -7.357714063003932E-003  0.972218690962011     
$end
