#perp_grad magnitudes
1         0.00000   0.00000   -nan      
2         0.33168   0.03437   0.07252   
3         0.71356   0.07394   0.14263   
4         1.11212   0.11524   0.09826   
5         1.53629   0.15920   0.12483   
6         1.90115   0.19701   0.10548   
7         2.27459   0.23571   0.13623   
8         2.68969   0.27872   0.13506   
9         3.10789   0.32206   0.10465   
10        3.46604   0.35917   0.10156   
11        3.83693   0.39760   0.08503   
12        4.21352   0.43663   0.07105   
13        4.58219   0.47483   0.05279   
14        4.82304   0.49979   0.13532   
15        5.06846   0.52522   0.04201   
16        5.44113   0.56384   0.05426   
17        5.81257   0.60233   0.05345   
18        6.19762   0.64223   0.06294   
19        6.59492   0.68340   0.07950   
20        6.99861   0.72524   0.08982   
21        7.40259   0.76710   0.11672   
22        7.79020   0.80726   0.11264   
23        8.19488   0.84920   0.10969   
24        8.55647   0.88667   0.10310   
25        8.91794   0.92413   0.15496   
26        9.26702   0.96030   0.10854   
27        9.65012   1.00000   -nan      
