#perp_grad magnitudes
1         0.00000   0.00000   0.00000   
2         0.14705   0.04146   0.12485   
3         0.29307   0.08263   0.16937   
4         0.45522   0.12834   0.04932   
5         0.63274   0.17839   0.08839   
6         0.76845   0.21665   0.03556   
7         0.94406   0.26617   0.09003   
8         1.10811   0.31242   0.04570   
9         1.26694   0.35720   0.03036   
10        1.42494   0.40174   0.03049   
11        1.56681   0.44174   0.08226   
12        1.68085   0.47389   0.05015   
13        1.84650   0.52060   0.10020   
14        2.00829   0.56621   0.05211   
15        2.15569   0.60777   0.06400   
16        2.31686   0.65321   0.05351   
17        2.50259   0.70557   0.03677   
18        2.65821   0.74945   0.02744   
19        2.81142   0.79264   0.13033   
20        2.96340   0.83549   0.05469   
21        3.10961   0.87671   0.04163   
22        3.25424   0.91749   0.02461   
23        3.40602   0.96028   0.12983   
24        3.54689   1.00000   0.00000   
