$hessian
Dimension     39
  0.640402481610497     
  4.370990136236820E-002  0.389593053923253     
  2.056959042570223E-002 -0.196050846359432       0.327595437745917     
  2.162468051832545E-004  5.845791238314520E-005  4.587062951877036E-004
  4.434367503654141E-002
 -5.740091185749102E-004 -1.829420914497919E-004  8.245296125602933E-004
 -5.216944118477312E-002  0.898134551339048     
  1.010388288182761E-004  8.619615918128635E-004  3.029754994813996E-004
 -1.267409450611670E-002  1.341408495972762E-002  0.200548732204222     
  4.514370851975823E-004  2.580958947741843E-004  2.732079672125472E-004
 -3.550735318553114E-002  4.234064345921099E-002  1.190591618067543E-002
  0.136874371557704     
  9.471285194115947E-004  5.220304187389699E-004  1.349135944651132E-003
  3.836094017642411E-002 -0.552174950347666      -0.115086062243250     
 -4.775251429902619E-002  0.792641204991656     
  1.118604363281003E-003  5.776719424468195E-004 -5.793380231440327E-004
  1.566397545201273E-002 -0.159125794518638      -0.101765352829110     
 -3.575220448071295E-002  8.401445281347171E-002  0.503992764403330     
  6.781456471550242E-003  1.555952298604336E-002 -1.396355020526550E-002
 -3.518269251062241E-003  1.462465357855236E-003 -1.780270066317915E-003
 -7.632630517066577E-002  4.697346264861567E-003 -3.448284224596337E-003
  0.721441360388466     
  1.831771945514772E-002  1.551356534339935E-002 -6.021763067285399E-003
  2.114285638415316E-003 -3.469244912688323E-002  1.411500140874219E-002
  2.521619251181120E-003 -0.156521905305851       8.300649232832857E-002
  9.095719321946788E-002  0.442217015038126     
 -1.518999766682811E-002 -5.357525491175468E-003  9.424529496301386E-003
 -2.947473437530888E-003  5.162281922659818E-003  8.948498544931280E-003
 -3.176211846007660E-003  7.241958298470519E-002 -0.131678504569777     
 -1.512321023433504E-002 -0.225737090456862       0.323187912250706     
 -8.786260294579760E-002 -3.731219420296972E-002  1.998656007030960E-002
 -1.134152809497163E-003  1.134815571332489E-003  1.719769047749146E-004
  8.269608015036643E-003 -6.288567595858174E-003  5.181976691045927E-003
 -0.314095581205522      -0.136646135320027       8.096166141231684E-002
  0.677150580775798     
 -4.554946096771562E-002 -1.207110161235321E-003  4.834617147438490E-003
  6.204579394924158E-005  2.601153311007104E-003  1.640908413489002E-003
 -1.917321559633505E-002 -1.519686367453154E-002  1.460942310395155E-002
 -0.166701961105383      -0.191431655079163       9.155488175034240E-002
  0.110562928503905       0.501527451656142     
  2.592438721344988E-002  5.455691705812220E-003  9.395826631926341E-003
  2.518774700224258E-003 -8.763452261281793E-004 -1.462457194930239E-003
  1.579323973954253E-002  1.843472830761837E-002 -3.602668969353552E-003
  0.103987633865313       9.525534933481239E-002 -0.117462718203195     
 -2.846049169120372E-002 -0.277845460434990       0.361527138236149     
 -0.284323999138896      -9.846624264766116E-002  5.602556658427235E-002
 -7.696590551244716E-005  8.602552744640321E-004 -4.829503904769878E-004
  1.097520737738705E-003  3.657989010360015E-003 -3.880936918920158E-003
 -8.081215053984848E-002 -2.470048693667081E-002  1.031172873158934E-002
 -0.201224140871183       8.811817203830946E-002 -8.744298328600519E-002
  0.627704130344628     
 -0.122853959645030      -0.147406825535284       7.401667390843658E-002
 -1.291434197931985E-003 -2.217021438018184E-004  3.510183167913287E-004
 -9.921630722945860E-004 -2.268083686800733E-003 -3.202935585610751E-003
 -1.956829632436826E-002  6.105832187638119E-003 -7.300161258798578E-003
  4.595805999344820E-002 -9.884845720881995E-002  3.465341367753148E-002
  0.106556909304690       0.273637783040787     
  7.587075662514106E-002  7.723220460969699E-002 -9.964261185642036E-002
 -4.963600275685251E-005  9.410696961962596E-005  2.921517855315808E-004
  7.802454916713830E-004 -3.163005275944229E-003 -2.503047001366842E-003
  6.585550608960031E-003 -8.514073082924341E-003  7.185379883994904E-003
 -5.198058680780132E-002  4.055636114553099E-002 -0.101341848474240     
 -2.762858702994904E-002 -0.156876574786935       0.199795789177464     
 -0.231599077223678       6.986007822488560E-002 -7.976515960591876E-002
  1.689338889633476E-005  4.541708318557720E-005  8.590283432814531E-005
  5.169712196307144E-005 -5.826672904426459E-005 -1.553304554252708E-005
 -5.647287553294141E-004  3.670143016400590E-004 -2.302889413115551E-004
 -9.376613857661233E-004 -1.159457812849084E-003  1.918161190253543E-004
 -3.854335718420289E-002 -1.077426557331805E-003 -3.355958984813785E-003
  0.272516154540781     
  8.637212689270707E-002 -8.182011380728917E-002  2.187878442875999E-002
 -8.031943117717207E-005 -4.486397400052292E-004 -2.500178571009318E-004
 -1.603249349665021E-004 -6.411725041012793E-004 -3.133107473582014E-004
  2.249278658858047E-004 -4.304769069179547E-004  3.605713525922328E-004
 -3.565075631615024E-003  2.933235977002915E-003  1.025164431813854E-003
 -2.446415026978299E-002  2.955608685052485E-003 -7.252071866100898E-003
 -6.887212717655875E-002  7.654525309497995E-002
 -9.338537094610118E-002  2.058215270686335E-002 -9.735761092392807E-002
 -1.918404541783461E-004 -4.472200087827730E-004 -3.151639885791806E-004
 -1.782497741314264E-004 -6.023176590912597E-004 -2.482906393191705E-004
  5.432054920222673E-004  5.859186500355002E-004 -6.661428833591781E-004
  2.005106466490141E-003  1.163636470094355E-003  3.844321370167878E-003
  1.604787789096408E-002 -4.484099393345115E-003  3.697775846548519E-003
  8.703605757353333E-002 -3.820729574639636E-002  8.505688799431095E-002
  2.195412165597823E-005 -6.203736529951251E-005 -1.490245332316383E-004
 -2.240210891639409E-002  6.339855558744188E-003 -1.730741603318696E-003
  1.017064335504045E-003  1.641565583925893E-003 -2.247315991285373E-003
  9.878792271763170E-003  1.076488155421979E-003  1.378320809265773E-003
 -4.454684659892906E-004  1.018608928094637E-003 -1.259476520810048E-003
 -3.226508586110148E-004  1.200640433413160E-004  1.190668311348527E-004
 -3.301938319210193E-005  6.524498699149003E-005  1.073416298302884E-004
  1.606233338122534E-002
 -3.228359054434718E-004 -1.284153734018483E-004  1.261724558313046E-004
  8.874437437868699E-003 -0.301433253364257       0.116658776226656     
 -8.403624644800853E-004 -7.520542922758333E-003  1.912807090721255E-002
  4.527408538584012E-004 -1.694740578575521E-003 -2.820912214428938E-003
  4.198453156655148E-004 -4.735785810394220E-004  4.215322353789512E-004
  2.120812989507962E-004  7.540042167506486E-005 -1.345593472253123E-004
 -1.879956052793993E-006 -8.357864853741643E-006 -4.678168046684051E-005
 -8.472968609025048E-003  0.309808841187743     
  8.871687024476272E-005  1.036474500502626E-004 -2.447937610046704E-004
 -4.035324560044525E-003  0.150922123412112      -9.370477051065419E-002
  3.837722675226630E-004 -2.023248077622049E-002  1.079936989273142E-002
  9.742682900621173E-004  1.076795265057898E-004 -1.560474713386033E-003
  1.415613733076297E-004 -2.467894121965120E-004  2.454213657383029E-004
 -2.637178291304539E-004 -1.808757068641237E-005 -9.075295985807880E-005
 -5.880448220633126E-006  7.559480682928763E-005  1.008956821619501E-004
  3.354324507315076E-003 -0.133856354777796       8.233879976588510E-002
  1.150885533817210E-004 -1.938487934601765E-004 -2.101756349552616E-004
  1.763561597938647E-002  1.717911045892234E-003  3.714925437642000E-003
 -3.681531117497021E-002  7.462115159182205E-003  2.425682796086670E-002
  1.017347828743964E-002 -1.068414556512709E-004  1.782057907757467E-003
 -2.726793669029851E-004 -5.763491095605051E-004 -1.881858365515733E-003
  1.682283675192707E-005  8.563662871414969E-005  1.030512261257229E-004
 -6.675136576426435E-005  5.630034480339647E-005  1.743002872281600E-004
 -3.764121545411578E-003 -2.706933507323314E-004 -4.803112060619562E-004
  1.359689408140095E-002
 -1.072935677066461E-003 -8.151228719129953E-004  3.422615103027200E-004
  4.814538523225191E-003 -1.349791513622229E-002 -3.248487253082574E-002
  6.911282332105856E-003 -5.339131780881474E-002 -5.218093895370257E-002
 -3.446890375361177E-003  5.106649746274894E-003  2.330551460289124E-002
  1.344343535547186E-004 -1.532766818157534E-003  5.520526281831166E-004
  1.118066499810099E-003  4.854364831995829E-004  4.411646934020721E-004
 -1.044378483767852E-005  2.048147648384614E-004  9.725497005652823E-005
 -6.980105877135126E-004  1.519089397550845E-003  3.475866832369156E-003
 -8.568365338392416E-003  6.317569563847421E-002
  3.188243759686613E-004  3.155081192363388E-004  6.304903720077994E-004
  3.101869787697456E-003 -1.037501602184121E-002 -1.024714103996668E-002
  2.499028022290118E-002 -4.974951192800373E-002 -0.280854847656890     
  4.237356185268613E-003  3.347086003427091E-004 -1.783783861369961E-002
 -3.091295008380615E-003  8.683556130382967E-004 -7.095373216674423E-004
  7.886225587590552E-004 -5.081453429040001E-004 -9.074999283250501E-005
  3.240381875950840E-005 -3.446191415259290E-004 -2.923661447626165E-004
 -4.816965173839821E-004  1.670302839519560E-004  1.814363079338340E-003
 -2.983640597614529E-002  5.803783295896095E-002  0.307792374170126     
 -4.610306010773505E-004  1.018669215163947E-003 -6.218353363345668E-004
  5.987162667954074E-004 -8.590936389815292E-004  6.876300030589019E-005
  4.414937840874785E-003 -1.095582024193131E-004 -3.791144700300529E-004
 -0.279367402217961       6.993978792961145E-002 -7.765988196669463E-002
 -1.786109761776146E-002  1.073640955122206E-002 -1.104425751022088E-002
 -3.501208957182120E-003 -3.958200865464234E-003  1.783110924111884E-003
 -3.525047392323021E-004 -2.061022328276878E-004  7.020905040018783E-005
 -2.842302452377731E-004  2.754034711225945E-005 -1.173718190300042E-004
 -6.821663754241203E-004  6.316601439051283E-004 -1.651280796325701E-004
  0.296923099436400     
 -7.243642714193114E-004 -1.141054200063040E-003 -1.995503152839022E-003
 -6.964483748059126E-004  1.472347044788267E-003  1.601358483033742E-003
  1.879871722959179E-002 -9.230807422907118E-003  1.037915837976092E-002
  7.904827530455988E-002 -7.046352174806345E-002  3.405545436153695E-002
 -1.540460179159360E-002  8.507056211389381E-003 -3.772868128551837E-003
 -3.542079874319790E-003  3.046239769726599E-003  6.651620448632846E-003
 -2.689726286914671E-004  3.027164903357623E-004  4.361789007224686E-004
 -1.005541193544277E-003 -3.657494562795125E-004 -3.475122324720645E-004
  3.336302957554071E-004 -6.569781884156064E-004  8.431014786869958E-004
 -7.683693395001959E-002  6.936715337897371E-002
  4.779427390081792E-004 -2.142302871618106E-003 -1.688462751661894E-003
 -2.246889872746509E-003  9.214857567191835E-005 -1.540690195150096E-003
 -1.571891041227256E-002  8.867871819582374E-003 -1.697532956430013E-006
 -8.465511879447646E-002  3.472356374883370E-002 -7.447033854191057E-002
  9.553742412807809E-003 -1.252988024664258E-003  7.831191546224366E-003
  9.250862442728969E-004  6.930189349416980E-003  6.429692580191795E-003
  1.209449088214786E-004  5.260256908234075E-004  4.525497018273078E-004
  1.247921919210921E-003  2.898946441908168E-004  1.832005259385730E-004
  2.536337129226647E-003 -2.489370106661315E-004 -5.676392422265522E-004
  8.740852355123763E-002 -4.580124477638409E-002  6.513479615711706E-002
  3.998944804073236E-003  2.597997378864644E-003 -1.215035326866695E-003
 -8.999587090735513E-005 -6.177378013615684E-004  5.564119363323456E-004
 -2.924777828213316E-003 -1.599030499358445E-003 -7.584320152687284E-004
  3.652258287824960E-003 -2.077817802960169E-002  1.679834451968538E-002
 -5.855034201770863E-002  2.191804640515217E-002 -1.884982553596677E-002
 -1.207626661795438E-002  2.458576411196632E-002 -2.292224350533481E-002
 -3.561387179320774E-004 -4.112726341793090E-004  3.344480559073003E-004
  2.464963360466445E-004 -1.640552542650575E-004  5.305641029091594E-005
  1.650241041280051E-004 -8.556536830723878E-005  2.854685598291131E-004
  6.297230859132834E-004  2.089046670772973E-004  5.308308697824665E-004
  6.477671521263713E-002
  1.832636790984957E-003 -1.966084289643212E-003 -3.755167974935137E-003
 -3.678129626149971E-005  1.138686132813316E-004 -3.719047224957396E-004
 -1.895816397384831E-003  4.516073655154357E-003  3.354103570327290E-003
  3.030657534000752E-003 -7.841588840735422E-003  1.109019046174235E-002
  1.809117318459072E-002 -0.205434659587992       0.129605650056280     
  6.247445876922504E-003 -9.518642644275183E-004  1.310053558424095E-002
 -9.887342520958908E-005  1.504280632485457E-004  1.150502772914637E-003
  3.320657927409888E-005  1.782032218115414E-004  1.189351217513322E-004
 -1.948741353027935E-005 -1.195905115582636E-003  6.851930346742719E-004
 -4.075705251498259E-005 -1.376796096881888E-003 -2.719201172378711E-003
 -2.494672915410942E-002  0.212736712812447     
  2.206653139910815E-004 -3.081832160858701E-003 -4.098268693023360E-003
  1.508468086218941E-004  1.043787444133337E-003 -9.366314344548326E-004
  5.648097839661640E-004  4.168238014761048E-003  6.427410477411691E-003
 -2.734745240657761E-003  7.787488009271495E-003 -1.640309766185528E-003
 -1.514056905845005E-002  0.130098868846538      -0.152287360707002     
 -9.138444654365425E-003  1.495701466990126E-002  9.276536735818262E-004
 -1.315614133112616E-004  9.846231582411084E-004  4.932297679471195E-004
 -2.737952120045102E-004  2.001725302697979E-004 -2.863319926574640E-005
 -8.458498439322857E-005 -1.206785436100948E-003  6.825429520505907E-004
  4.801249663433562E-004 -2.798086708287063E-003 -2.644002227224626E-003
  2.456343437975906E-002 -0.152538137509275       0.151335334522514     
 -4.029762146589880E-002 -7.995014813554469E-003  1.410929180995693E-002
  3.017555323249575E-005  4.788619534774486E-004  6.170635843923957E-005
 -5.750615049711499E-004 -9.158626219387643E-004  4.056675963783501E-004
  2.893667508305473E-003 -4.057254996684811E-003  4.033349361694739E-003
 -3.909534895716729E-003  2.919951646749002E-003  8.152507915561158E-006
 -9.818850706373818E-003 -2.503703372273231E-002  1.840223845153540E-002
 -1.642390473124776E-003  8.540736007201462E-003 -1.434942498635022E-002
  3.215044540383021E-006  1.449369143578017E-004 -1.522950062423625E-004
 -2.198563371229092E-004  3.768312344232000E-004 -2.251198082383410E-004
  1.150791680036047E-005  5.053272888904075E-005 -3.830832408019370E-004
  3.976716889561470E-004 -2.935402915694635E-003  1.704836706932986E-003
  0.299490130704381     
  3.624383461373947E-002 -0.181368789699348       7.742951897825806E-002
  3.320103899731477E-005 -3.525349492305187E-004 -8.887176853463884E-004
  8.823983393520642E-005 -1.604859136510414E-003 -7.297701468889607E-004
 -5.583095179437326E-003 -4.657158151393673E-003  1.769318891549732E-003
  2.184799002003389E-002 -8.447029953539551E-003 -7.632327354348096E-003
 -5.408529975463492E-002 -3.444542825757935E-002  3.502790988866262E-002
  1.531561060676145E-004  1.463484165108100E-002  3.464505119375946E-002
 -7.639226325273363E-005 -8.466442110951198E-005  2.079737782711109E-005
  2.071309727562561E-004  7.919454535991891E-004 -6.876085558391552E-004
 -4.424210886879261E-004  1.626772080193106E-003  2.205682658885441E-003
 -1.020861840908029E-003  2.787366773920638E-003  1.671417050408983E-003
  0.134335381255589       0.310896886612907     
 -2.344842991725388E-002  7.217920088200419E-002 -0.163449357079779     
  3.796175253250929E-004 -1.432678662173550E-003 -6.657263242024047E-004
  1.366252644177802E-004 -1.744232222232662E-003 -6.462755312825986E-004
  5.994787344384380E-003  3.293648637432809E-003 -2.863443201100931E-003
 -1.789335598218407E-002 -1.043914639604195E-002 -1.423484448940781E-002
  4.287635282751329E-002  3.882812613345821E-002 -1.393863770879945E-002
 -7.006707229273892E-003  3.623556175619811E-002  2.400146096274590E-002
 -9.426633496705737E-005 -1.851208194411421E-004  2.455574995044233E-004
 -1.196217677174264E-004  3.699339419876474E-004 -1.023419642612202E-003
  2.780697665965724E-005  2.204523383316058E-003  2.615995171024739E-003
  9.231727987180256E-004  1.440118504069606E-003  3.869859841949493E-003
 -9.508936996864159E-002 -0.147104392728348       0.239302407203550     
 -7.443278512263589E-003  1.096661450893710E-002 -1.549814228916545E-002
 -1.124767684744907E-004 -1.599433977519703E-004  1.414833794561102E-006
 -2.782788841891137E-005 -4.328556512564474E-005 -1.452305276998236E-004
 -1.365759706154351E-004  9.947906604928069E-004 -9.384000013140052E-004
  8.730721862485399E-004 -2.175719662648299E-003  5.148905307210284E-004
  1.881117320174677E-003 -2.527919193273933E-003  2.292991487761085E-003
  1.510884305523142E-003  2.500036233717246E-003  1.786339699647146E-003
  2.174394664426903E-005 -5.878664468607830E-005  5.920115775277703E-005
  1.179623788828620E-004 -1.046019779007784E-004  4.481990698510354E-005
 -6.834346928485295E-005  3.888184701034505E-005  2.026724448073742E-004
  1.306877417590400E-004  7.387276145653463E-004 -1.810173748617865E-004
 -0.246363053603333      -0.131700863640521       9.331338845637599E-002
  0.249616088367894     
 -1.632578240574006E-002  1.040780831926744E-002  2.702158653559461E-002
 -4.348234367490843E-005  6.824664966689634E-004  4.384654304778082E-004
 -1.042019647692693E-004  8.711936796306310E-004  4.833784236654576E-004
 -1.328850639006011E-004 -1.209565926544260E-003  1.497892831922078E-003
  1.067327146986726E-003  7.003222719737558E-003  4.723417857905849E-003
 -1.512659597963159E-003 -2.163939055234435E-003  2.836381115802066E-003
  1.121782368463264E-003 -1.437813790269125E-002 -1.487298117824001E-002
  1.991619216448766E-005  1.277683153003807E-004 -1.234197511160258E-004
 -1.271390153930446E-004 -1.936255126128532E-004  4.131707496225711E-004
  9.899993174570468E-005 -1.087377930598599E-003 -1.470702582025072E-003
  3.127179151115874E-004 -1.715755005403272E-003 -1.286767874748925E-003
 -0.105906662378314      -9.977734761754803E-002  6.354457458558598E-003
  0.121532069232682       0.101433289427516     
  7.333271704341654E-003  2.932446774234994E-002  1.971118339879499E-002
 -1.285313923020987E-004  7.039918382174986E-004  5.455755110157696E-004
 -2.520910506004573E-006  1.323599783607970E-003  6.604784602860581E-004
 -6.176242224185027E-004  1.063075133550953E-003 -5.665493720381669E-004
 -1.436285791275082E-003  4.457332720878946E-003  8.257535604650040E-003
  1.862385558689958E-003  2.653568086471891E-003 -7.207950785372659E-004
  3.043964387147664E-003 -1.471901026712821E-002 -1.876754675114208E-002
  2.934101868251112E-005  5.207955935514620E-005 -9.818267654625911E-005
  4.545801374579829E-005 -5.003481624010100E-004  7.037690725267515E-004
  1.490507469296403E-004 -1.456180348328155E-003 -1.734595229122330E-003
 -2.996311441734445E-004 -1.160817701619984E-003 -2.100825216766252E-003
  7.147405032460886E-002  4.273120624411774E-003 -7.321357679845104E-002
 -8.145292831466563E-002 -2.601487902036321E-002  6.732352907748082E-002
$end
