2
13
6/0 1.9177378580 0.8965913081 -0.3859780095 
6/0 -1.3400193400 -2.5606155081 0.6540690563 
6/0 -1.4392507762 -1.3015991260 1.0181271924 
6/0 -1.4622329765 -0.1466720160 0.0815561733 
6/0 -0.3793473497 0.5442700408 -0.3487866101 
7/0 0.8890879885 0.2162172196 0.0711519273 
1/0 2.8861104368 0.5680725678 0.0127857056 
1/0 -1.3151674258 -3.5302267284 1.1334037572 
1/0 -1.5507675317 -1.0591519888 2.0851404865 
1/0 -2.4406036122 0.1807097904 -0.2685510797 
1/0 -0.5055885116 1.3839095492 -1.0367804810 
6/0 1.8865474151 1.9703258187 -1.3114966776 
1/0 2.8257348864 2.4452861914 -1.6091191684 
