13
image # 1 Energy = -286.85685
C 1.58709   0.31156   0.12706   
C 1.02170   -0.90836  0.28526   
C -0.43267  -1.09469  0.17235   
C -1.24060  0.29005   0.03217   
C -0.40089  1.49721   0.16146   
N 0.88759   1.52388   0.11773   
H 2.66809   0.42492   0.13059   
H 1.64353   -1.77531  0.49397   
H -0.90302  -1.88949  0.75230   
H -2.22678  0.33609   0.49754   
H -0.91198  2.44287   0.35661   
C -1.06620  -0.65361  -1.07368  
H -0.62585  -0.50511  -2.05337  
13
image # 2 Energy = -286.83284
C 1.59273   0.30525   0.13301   
C 1.03894   -0.93860  0.32952   
C -0.38791  -1.18670  0.23527   
C -1.30598  0.32821   -0.02826  
C -0.41177  1.48524   0.13549   
N 0.88670   1.48731   0.08754   
H 2.66841   0.43312   0.14749   
H 1.68866   -1.79431  0.49713   
H -0.79646  -2.03175  0.88642   
H -2.31198  0.41628   0.44098   
H -0.88330  2.43264   0.35973   
C -1.10173  -0.57863  -1.09156  
H -0.68351  -0.38988  -2.12928  
13
image # 3 Energy = -286.79422
C 1.58781   0.28167   0.13516   
C 1.04935   -0.95740  0.36876   
C -0.35522  -1.28006  0.28192   
C -1.37501  0.39229   -0.06266  
C -0.42727  1.46530   0.11299   
N 0.87556   1.44525   0.05593   
H 2.66903   0.43893   0.16436   
H 1.73181   -1.81705  0.49766   
H -0.67480  -2.14282  1.00239   
H -2.38826  0.50088   0.36935   
H -0.86043  2.42001   0.38259   
C -1.11475  -0.54592  -1.12854  
H -0.74755  -0.27977  -2.17128  
13
image # 4 Energy = -286.78228
C 1.57476   0.25611   0.12460   
C 1.05369   -1.00770  0.40427   
C -0.30390  -1.39932  0.29292   
C -1.45497  0.47445   -0.13063  
C -0.46622  1.44542   0.09763   
N 0.86125   1.38309   0.00687   
H 2.65727   0.43824   0.18794   
H 1.77697   -1.83220  0.50232   
H -0.49523  -2.23308  1.10224   
H -2.48659  0.63832   0.23725   
H -0.82731  2.40565   0.44980   
C -1.10739  -0.54652  -1.09471  
H -0.83503  -0.15326  -2.16784  
13
image # 5 Energy = -286.76508
C 1.54476   0.23011   0.08828   
C 1.07000   -1.07706  0.40612   
C -0.19787  -1.53744  0.23030   
C -1.54559  0.61367   -0.22935  
C -0.53444  1.43959   0.11057   
N 0.82963   1.30780   -0.06103  
H 2.63040   0.42679   0.20607   
H 1.84117   -1.84391  0.56361   
H -0.29859  -2.30530  1.13212   
H -2.60414  0.85590   0.01301   
H -0.77934  2.37377   0.59373   
C -1.11260  -0.57523  -0.98212  
H -0.92109  -0.08217  -2.06436  
13
image # 6 Energy = -286.72155
C 1.53883   0.21581   0.07615   
C 1.10187   -1.11697  0.41068   
C -0.13096  -1.63729  0.28295   
C -1.61955  0.70161   -0.30376  
C -0.56961  1.42349   0.11257   
N 0.80140   1.26543   -0.10258  
H 2.60794   0.42849   0.20179   
H 1.89179   -1.85878  0.57505   
H -0.18028  -2.38401  1.19234   
H -2.67445  1.01203   -0.11834  
H -0.75074  2.29927   0.72596   
C -1.17134  -0.50794  -0.99992  
H -0.95147  -0.04657  -2.06170  
13
image # 7 Energy = -286.69885
C 1.51630   0.20465   0.06094   
C 1.14780   -1.15354  0.40257   
C -0.07055  -1.70092  0.37737   
C -1.68611  0.78974   -0.37998  
C -0.59940  1.42774   0.13161   
N 0.76331   1.22662   -0.12235  
H 2.59121   0.43365   0.18071   
H 1.95034   -1.87168  0.56105   
H -0.07679  -2.46322  1.24723   
H -2.72259  1.17732   -0.25531  
H -0.72490  2.18204   0.88117   
C -1.26569  -0.42827  -1.04246  
H -0.95541  -0.05068  -2.07309  
13
image # 8 Energy = -286.67028
C 1.50509   0.19913   0.04754   
C 1.18321   -1.17536  0.39183   
C -0.02809  -1.74089  0.48312   
C -1.73104  0.88433   -0.44595  
C -0.62736  1.41217   0.14653   
N 0.72957   1.19885   -0.11902  
H 2.57160   0.44308   0.14727   
H 2.00764   -1.88109  0.52444   
H -0.00008  -2.53300  1.29689   
H -2.74344  1.32767   -0.36559  
H -0.72029  2.04930   1.02159   
C -1.35434  -0.34196  -1.08497  
H -0.94892  -0.07761  -2.10022  
13
image # 9 Energy = -286.66422
C 1.49846   0.18568   0.04289   
C 1.20203   -1.19692  0.38837   
C 0.01445   -1.74929  0.62182   
C -1.75979  0.97192   -0.51625  
C -0.63578  1.39760   0.18165   
N 0.68809   1.18633   -0.09691  
H 2.55800   0.45724   0.10552   
H 2.04793   -1.88499  0.43544   
H 0.06296   -2.60168  1.35969   
H -2.74426  1.45315   -0.43790  
H -0.73259  1.89228   1.12926   
C -1.43926  -0.23544  -1.15704  
H -0.93535  -0.11651  -2.14237  
13
image # 10 Energy = -286.67754
C 1.48750   0.18148   0.05268   
C 1.23038   -1.21217  0.38652   
C 0.04544   -1.72409  0.80805   
C -1.74995  1.06324   -0.59829  
C -0.63506  1.36795   0.21793   
N 0.65552   1.16032   -0.03712  
H 2.54262   0.47364   0.02851   
H 2.09035   -1.87769  0.30646   
H 0.09928   -2.66944  1.41298   
H -2.72092  1.55324   -0.47136  
H -0.78104  1.73840   1.23984   
C -1.54144  -0.10015  -1.27824  
H -0.91104  -0.20289  -2.18571  
13
image # 11 Energy = -286.67721
C 1.48472   0.18881   0.06755   
C 1.19829   -1.22304  0.39912   
C 0.10882   -1.71458  0.94838   
C -1.77298  1.13147   -0.66051  
C -0.60774  1.30739   0.22860   
N 0.65696   1.15574   -0.04112  
H 2.54031   0.48241   0.01838   
H 2.06133   -1.90056  0.16135   
H 0.17264   -2.71268  1.46684   
H -2.72202  1.63148   -0.49358  
H -0.81144  1.58687   1.27610   
C -1.60621  -0.00294  -1.32588  
H -0.90537  -0.18575  -2.19199  
13
image # 12 Energy = -286.67884
C 1.48572   0.18854   0.08190   
C 1.19570   -1.22332  0.39803   
C 0.18462   -1.71807  1.08767   
C -1.78718  1.20440   -0.68768  
C -0.62503  1.26497   0.22585   
N 0.67299   1.17102   -0.02480  
H 2.53943   0.48728   0.00430   
H 1.99530   -1.90307  -0.00610  
H 0.22962   -2.75634  1.52579   
H -2.71304  1.71530   -0.51086  
H -0.83445  1.42824   1.29536   
C -1.63454  0.06992   -1.36098  
H -0.91024  -0.19000  -2.21243  
13
image # 13 Energy = -286.69277
C 1.49118   0.20144   0.10299   
C 1.19936   -1.22566  0.39315   
C 0.26579   -1.71167  1.19804   
C -1.76840  1.26040   -0.71014  
C -0.62744  1.21533   0.22166   
N 0.68501   1.19923   -0.00177  
H 2.53893   0.48391   -0.02432  
H 1.91272   -1.88037  -0.16119  
H 0.26544   -2.77500  1.57989   
H -2.70306  1.80271   -0.51030  
H -0.87658  1.23704   1.29331   
C -1.66538  0.14411   -1.42165  
H -0.91361  -0.21522  -2.17806  
13
image # 14 Energy = -286.68902
C 1.49077   0.22037   0.12016   
C 1.20356   -1.22005  0.37257   
C 0.35243   -1.71004  1.25565   
C -1.76013  1.32792   -0.72021  
C -0.65404  1.15638   0.21558   
N 0.68874   1.21207   0.00662   
H 2.54622   0.47759   -0.04802  
H 1.83358   -1.84608  -0.27720  
H 0.30328   -2.76884  1.61245   
H -2.67428  1.91225   -0.54049  
H -0.91688  1.02844   1.29325   
C -1.67326  0.21063   -1.42875  
H -0.93246  -0.26210  -2.11004  
13
image # 15 Energy = -286.69542
C 1.49220   0.24352   0.11833   
C 1.20789   -1.20279  0.34767   
C 0.40985   -1.71534  1.24805   
C -1.76549  1.38322   -0.70502  
C -0.69992  1.07287   0.21333   
N 0.68477   1.24516   -0.01493  
H 2.54763   0.47179   -0.04996  
H 1.80431   -1.82631  -0.33881  
H 0.31401   -2.74516  1.61569   
H -2.64430  2.02622   -0.58423  
H -0.94239  0.83482   1.24820   
C -1.60224  0.26674   -1.35878  
H -0.99479  -0.31319  -2.01333  
13
image # 16 Energy = -286.70695
C 1.48562   0.26383   0.10192   
C 1.21765   -1.19055  0.32781   
C 0.45348   -1.73076  1.24836   
C -1.77376  1.42722   -0.69143  
C -0.73040  1.02087   0.20498   
N 0.67253   1.24239   -0.01403  
H 2.54456   0.46964   -0.06700  
H 1.80703   -1.82824  -0.34667  
H 0.30668   -2.72767  1.60483   
H -2.62966  2.08887   -0.60332  
H -0.96489  0.75184   1.23716   
C -1.54879  0.30840   -1.31483  
H -1.02342  -0.35462  -1.97219  
13
image # 17 Energy = -286.72512
C 1.48561   0.26321   0.11092   
C 1.19050   -1.18029  0.31666   
C 0.50466   -1.75010  1.27915   
C -1.80482  1.46160   -0.68728  
C -0.71163  0.96462   0.15809   
N 0.68835   1.25959   -0.00738  
H 2.55117   0.47992   -0.01446  
H 1.71763   -1.81772  -0.39460  
H 0.36383   -2.77810  1.61005   
H -2.63221  2.13642   -0.63586  
H -0.94175  0.71572   1.20702   
C -1.47421  0.30372   -1.21334  
H -1.11577  -0.31535  -2.01935  
13
image # 18 Energy = -286.75088
C 1.48365   0.28441   0.13048   
C 1.15299   -1.17409  0.31247   
C 0.55697   -1.77814  1.31858   
C -1.82360  1.47851   -0.66091  
C -0.70296  0.93775   0.13377   
N 0.69699   1.28154   -0.00349  
H 2.55407   0.46847   0.02175   
H 1.59492   -1.78323  -0.49993  
H 0.45551   -2.81181  1.65016   
H -2.62581  2.20818   -0.69518  
H -0.89613  0.59985   1.15832   
C -1.42407  0.34500   -1.16331  
H -1.19261  -0.30764  -1.98750  
13
image # 19 Energy = -286.74522
C 1.48800   0.27511   0.14819   
C 1.12642   -1.19035  0.33855   
C 0.66998   -1.82180  1.40131   
C -1.86707  1.48608   -0.64328  
C -0.70304  0.91475   0.10862   
N 0.70665   1.26920   -0.03070  
H 2.55982   0.45661   0.07149   
H 1.38714   -1.78456  -0.56645  
H 0.60609   -2.86453  1.70382   
H -2.64885  2.23579   -0.69402  
H -0.85416  0.56888   1.12898   
C -1.40945  0.38561   -1.16339  
H -1.22162  -0.17870  -2.07506  
13
image # 20 Energy = -286.74144
C 1.49074   0.25033   0.15905   
C 1.12598   -1.22104  0.36800   
C 0.83331   -1.85331  1.48638   
C -1.89409  1.49363   -0.63671  
C -0.71367  0.89015   0.08094   
N 0.70234   1.23851   -0.05015  
H 2.56236   0.44896   0.10873   
H 1.16576   -1.79637  -0.57641  
H 0.74089   -2.90455  1.75086   
H -2.67008  2.25516   -0.64162  
H -0.85072  0.54248   1.09884   
C -1.41941  0.42908   -1.20899  
H -1.22497  -0.01307  -2.18868  
13
image # 21 Energy = -286.73627
C 1.48519   0.21011   0.15669   
C 1.14987   -1.25186  0.39884   
C 1.04026   -1.88049  1.55723   
C -1.90096  1.50675   -0.64348  
C -0.73155  0.87901   0.05222   
N 0.68075   1.18992   -0.06689  
H 2.55463   0.44038   0.14795   
H 0.94561   -1.82236  -0.52133  
H 0.86233   -2.93339  1.79111   
H -2.68449  2.26173   -0.55035  
H -0.88797  0.52299   1.06907   
C -1.43845  0.47278   -1.28735  
H -1.21734  0.17668   -2.31945  
13
image # 22 Energy = -286.72652
C 1.46859   0.17659   0.15618   
C 1.16966   -1.26502  0.42974   
C 1.23288   -1.91299  1.57894   
C -1.89426  1.53476   -0.65410  
C -0.75195  0.85820   0.01743   
N 0.66586   1.14591   -0.08586  
H 2.53856   0.43033   0.18859   
H 0.76006   -1.84474  -0.42784  
H 0.97705   -2.94327  1.82380   
H -2.67749  2.27198   -0.46005  
H -0.95050  0.46479   1.01915   
C -1.44761  0.52979   -1.35569  
H -1.22000  0.34193   -2.40414  
13
image # 23 Energy = -286.73254
C 1.46572   0.15405   0.17038   
C 1.16609   -1.28263  0.45078   
C 1.38708   -1.94254  1.57933   
C -1.88388  1.57939   -0.65693  
C -0.76480  0.81939   -0.02679  
N 0.63740   1.12071   -0.08836  
H 2.51568   0.42126   0.21823   
H 0.61884   -1.84219  -0.32723  
H 1.09639   -2.95211  1.85947   
H -2.65271  2.30716   -0.38771  
H -1.01300  0.35874   0.94184   
C -1.44621  0.61543   -1.39959  
H -1.23788  0.45081   -2.46121  
13
image # 24 Energy = -286.73913
C 1.43930   0.14482   0.18446   
C 1.16411   -1.30857  0.48615   
C 1.52395   -1.96331  1.56614   
C -1.87041  1.63514   -0.65501  
C -0.78633  0.78167   -0.06971  
N 0.62149   1.07947   -0.08738  
H 2.49385   0.41475   0.24745   
H 0.50631   -1.84157  -0.20854  
H 1.21965   -2.96041  1.89325   
H -2.61721  2.33588   -0.30464  
H -1.08456  0.25625   0.84398   
C -1.44233  0.70370   -1.45903  
H -1.25874  0.55098   -2.52085  
13
image # 25 Energy = -286.74487
C 1.41952   0.11178   0.20959   
C 1.15916   -1.31268  0.52806   
C 1.63848   -1.98922  1.55530   
C -1.84381  1.68033   -0.64753  
C -0.81656  0.75112   -0.12375  
N 0.59822   1.05442   -0.09533  
H 2.47477   0.41043   0.27736   
H 0.41631   -1.84820  -0.08159  
H 1.34145   -2.96402  1.91973   
H -2.57659  2.35413   -0.21259  
H -1.15745  0.15833   0.72617   
C -1.43827  0.79866   -1.51610  
H -1.28496  0.64435   -2.58095  
13
image # 26 Energy = -286.75005
C 1.41097   0.09924   0.23325   
C 1.14807   -1.32159  0.58517   
C 1.72812   -1.99741  1.53178   
C -1.82869  1.72748   -0.63323  
C -0.82739  0.72890   -0.18471  
N 0.57251   1.02403   -0.10233  
H 2.44864   0.40163   0.30261   
H 0.34544   -1.85591  0.04514   
H 1.45861   -2.97472  1.93956   
H -2.52663  2.36611   -0.13934  
H -1.22236  0.06262   0.60637   
C -1.44198  0.89393   -1.56447  
H -1.31655  0.71958   -2.63346  
13
image # 27 Energy = -286.75480
C 1.38565   0.09240   0.25681   
C 1.11688   -1.31215  0.63573   
C 1.81683   -2.01903  1.52442   
C -1.80361  1.75798   -0.62664  
C -0.82966  0.69421   -0.24386  
N 0.55774   0.98675   -0.11595  
H 2.43139   0.39441   0.33074   
H 0.27953   -1.86183  0.19793   
H 1.57879   -2.98535  1.95187   
H -2.47830  2.36912   -0.05419  
H -1.28001  -0.02542  0.45662   
C -1.45465  1.00132   -1.62018  
H -1.35604  0.80614   -2.68736  
13
image # 28 Energy = -286.76032
C 1.36503   0.07417   0.28481   
C 1.10009   -1.31582  0.70818   
C 1.87654   -2.02670  1.49856   
C -1.79211  1.77616   -0.61060  
C -0.84059  0.65819   -0.31386  
N 0.54084   0.96270   -0.14378  
H 2.41683   0.38550   0.36179   
H 0.20447   -1.84700  0.35906   
H 1.70456   -3.00204  1.95432   
H -2.43284  2.39078   0.00599   
H -1.30208  -0.11923  0.29210   
C -1.45760  1.08650   -1.65674  
H -1.40692  0.90171   -2.71907  
13
image # 29 Energy = -286.76364
C 1.35426   0.06289   0.30117   
C 1.07518   -1.31342  0.76887   
C 1.92064   -2.04346  1.47915   
C -1.78454  1.78493   -0.57658  
C -0.85453  0.64571   -0.37853  
N 0.53855   0.93209   -0.17511  
H 2.39841   0.37653   0.39062   
H 0.14041   -1.82022  0.51640   
H 1.80952   -3.00681  1.93924   
H -2.38676  2.40628   0.03524   
H -1.30858  -0.20427  0.15298   
C -1.46767  1.13514   -1.67778  
H -1.44986  0.99513   -2.75319  
13
image # 30 Energy = -286.76651
C 1.34075   0.04785   0.31598   
C 1.05341   -1.30801  0.82101   
C 1.94290   -2.04956  1.46433   
C -1.78798  1.77727   -0.55150  
C -0.84542  0.61399   -0.42681  
N 0.53720   0.90115   -0.21225  
H 2.37821   0.36698   0.42196   
H 0.07879   -1.77258  0.65902   
H 1.90349   -3.01952  1.93003   
H -2.34399  2.43928   0.04918   
H -1.28343  -0.29250  0.00825   
C -1.48377  1.17919   -1.69804  
H -1.49946  1.09283   -2.76585  
13
image # 31 Energy = -286.77110
C 1.32004   0.03359   0.33163   
C 1.03156   -1.31203  0.87131   
C 1.94742   -2.05392  1.46527   
C -1.79673  1.74481   -0.54352  
C -0.84067  0.57862   -0.48783  
N 0.54027   0.86300   -0.25533  
H 2.35735   0.35319   0.46018   
H 0.01568   -1.70633  0.77141   
H 2.00343   -3.03009  1.93014   
H -2.29736  2.49663   0.04815   
H -1.22082  -0.38895  -0.14219  
C -1.49844  1.21888   -1.68571  
H -1.56173  1.20260   -2.76351  
