# Energy profile
1         0.00000   0.00000   -286.85685          0.00000             
2         0.36056   0.03305   -286.83284          15.06631            
3         0.69497   0.06371   -286.79422          39.29993            
4         1.11706   0.10240   -286.78228          46.79151            
5         1.68436   0.15441   -286.76508          57.58426            
6         2.07549   0.19027   -286.72155          84.90057            
7         2.49054   0.22832   -286.69885          99.14338            
8         2.87258   0.26334   -286.67028          117.07069           
9         3.25786   0.29866   -286.66422          120.87432           
10        3.70193   0.33937   -286.67754          112.51831           
11        4.04815   0.37111   -286.67721          112.72520           
12        4.39024   0.40247   -286.67884          111.70061           
13        4.73990   0.43452   -286.69277          102.96053           
14        5.08024   0.46572   -286.68902          105.31311           
15        5.41117   0.49606   -286.69542          101.29910           
16        5.59332   0.51276   -286.70695          94.06144            
17        5.85190   0.53646   -286.72512          82.66128            
18        6.15339   0.56410   -286.75088          66.49196            
19        6.52548   0.59821   -286.74522          70.04721            
20        6.92971   0.63527   -286.74144          72.41786            
21        7.37828   0.67639   -286.73627          75.66179            
22        7.78775   0.71393   -286.72652          81.78125            
23        8.15296   0.74741   -286.73254          78.00628            
24        8.52079   0.78113   -286.73913          73.87124            
25        8.88447   0.81447   -286.74487          70.26636            
26        9.22340   0.84554   -286.75005          67.01748            
27        9.59052   0.87919   -286.75480          64.03835            
28        9.95530   0.91264   -286.76032          60.57234            
29        10.27430  0.94188   -286.76364          58.49023            
30        10.58297  0.97018   -286.76651          56.68418            
31        10.90830  1.00000   -286.77110          53.80960            
