#perp_grad magnitudes
1         0.00000   0.00000   0.00000   
2         0.17098   0.03550   0.12301   
3         0.34689   0.07202   0.08754   
4         0.52641   0.10929   0.10894   
5         0.70950   0.14730   0.11455   
6         0.90809   0.18853   0.07781   
7         1.11656   0.23181   0.10699   
8         1.29436   0.26872   0.09695   
9         1.46690   0.30454   0.12317   
10        1.71105   0.35523   0.11520   
11        1.89848   0.39414   0.07440   
12        2.06185   0.42805   0.05355   
13        2.30220   0.47795   0.08412   
14        2.48393   0.51568   0.08630   
15        2.69054   0.55858   0.06324   
16        2.92251   0.60673   0.06105   
17        3.13084   0.64998   0.05421   
18        3.36687   0.69899   0.06756   
19        3.54194   0.73533   0.05803   
20        3.72457   0.77325   0.10849   
21        3.90785   0.81130   0.08415   
22        4.09823   0.85082   0.07867   
23        4.28992   0.89062   0.09072   
24        4.46895   0.92779   0.23803   
25        4.65394   0.96619   0.06580   
26        4.81679   1.00000   0.00000   
