# Energy profile
1         0.00000   0.00000   -286.85058          0.00000             
2         0.17098   0.03550   -286.84694          2.28768             
3         0.34689   0.07202   -286.84809          1.56230             
4         0.52641   0.10929   -286.84696          2.27356             
5         0.70950   0.14730   -286.84403          4.11449             
6         0.90809   0.18853   -286.84230          5.19605             
7         1.11656   0.23181   -286.83874          7.43365             
8         1.29436   0.26872   -286.83268          11.23160            
9         1.46690   0.30454   -286.82198          17.95031            
10        1.71105   0.35523   -286.81946          19.53028            
11        1.89848   0.39414   -286.78900          38.64585            
12        2.06185   0.42805   -286.75228          61.68485            
13        2.30220   0.47795   -286.77631          46.60642            
14        2.48393   0.51568   -286.72598          78.19034            
15        2.69054   0.55858   -286.71466          85.29493            
16        2.92251   0.60673   -286.72790          76.98121            
17        3.13084   0.64998   -286.74797          64.39059            
18        3.36687   0.69899   -286.74730          64.81267            
19        3.54194   0.73533   -286.75301          61.23015            
20        3.72457   0.77325   -286.75626          59.18668            
21        3.90785   0.81130   -286.75943          57.19734            
22        4.09823   0.85082   -286.76165          55.80277            
23        4.28992   0.89062   -286.76367          54.53568            
24        4.46895   0.92779   -286.76438          54.09037            
25        4.65394   0.96619   -286.76651          52.75722            
26        4.81679   1.00000   -286.76748          52.14502            
